Drivers:       153
  0    15110 440          -1  1  8  360
  1  7000062 035          -1  5  8  420
  2    15162 025          -1  5  8  480
  3    15542 521          -1  5  8  480
  4    15467 467          -1  5  8  420
  5    15589 156          -1  5  8  420
  6    15102 349          -1  5  8  360
  7    15138 450          -1  5  8  480
  8    15507 384          -1  5  8  420
  9  7000059 462          -1  5  8  420
 10    15112 486          -1  2  8  420
 11     2167 866          -1  6  8  420
 12    15550 834          -1  6  8  420
 13    15566 830          -1  6  8  420
 14    15568 822          -1  6  8  420
 15    15605 807          -1  6  8  480
 16     2149 831          -1  6  8  360
 17    15582 032          -1  6  8  480
 18     2158 377          -1  6  8  360
 19  7000056 826          -1  6  8  540
 20        1 703NEPVE     -1  6  8  600
 21    15274 379          -1  1  8  420
 22    15305 464          -1  1  8  420
 23    15438 361          -1  1  8  420
 24    15607 188          -1  1  8  480
 25  7000030 023          -1  1  8  480
 26  7000051 030          -1  1  8  480
 27    15559 315          -1  1  8  540
 28    15223 320          -1  1  8  540
 29    15401 461          -1  1  8  420
 30    15213 249          -1  1  8  420
 31  7000053 024          -1  1  8  540
 32    15612 371          -1  6  8  480
 33    15421 820          -1  6  8  480
 34    15539 489          -1  0  8  420
 35    15553 345          -1  0  8  480
 36  7000011 325          -1  3  8  480
 37    15486 313          -1  2  8  420
 38    15558 314          -1  2  8  420
 39    15277 158          -1  2  8  420
 40        1 704NEPVE     -1  2  8  480
 41        1 714NEPVE     -1  2  8  540
 42    15173 311          -1  2  8  420
 43    15103 344          -1  2  8  360
 44    15062 490          -1  2  8  360
 45        1 035BLAIN     -1  2  8  480
 46    15083 460          -1  2  8  420
 47    15535 832          -1  6  8  420
 48    15432 392          -1  1  8  480
 49    15422 321          -1  1  8  420
 50    15151 259          -1  1  8  360
 51    15521 098          -1  1  8  480
 52    15436 382          -1  1  8  420
 53    15143 370          -1  4  8  420
 54    15611 092          -1  4  8  540
 55  7000063 190          -1  4  8  120
 56  7000007 090          -1  4  8  540
 57    10228 368          -1  1  8  540
 58    15017 263          -1  1  8  360
 59    15435 388          -1  1  8  420
 60    15423 366          -1  2  8  480
 61    15515 342          -1  2  8  420
 62    15457 150          -1  0  8  420
 63    15414 323          -1  0  8  420
 64    15176 350          -1  4  8  420
 65     2057 176          -1  7  8  420
 66     2072 526          -1  7  8  420
 67     2022 099          -1  7  8  480
 68    15560 528          -1  7  8  480
 69     2023 548          -1  7  8  480
 70        1 77BLAIN      -1  7  8  480
 71     2006 448          -1  7  8  360
 72     2019 294          -1  7  8  420
 73    15408 455          -1  0  8  360
 74  7000066 018          -1  5  8  480
 75    15150 301          -1  0  8  360
 76    15547 149          -1  0  8  420
 77    15392 463          -1  0  8  420
 78    15343 300          -1  0  8  360
 79    15450 346          -1  3  8  360
 80    15598 020          -1  3  8  420
 81    15615 324          -1  3  8  480
 82    14340 482          -1  3  8  360
 83    14347 469          -1  3  8  360
 84    15598 435          -1  3  8  660
 85  7000045 456          -1  3  8  480
 86    15479 347          -1  3  8  420
 87    15228 340          -1  1  8  420
 88    15588 828          -1  0  8  540
 89        1 5018JDMI     -1  7  8  480
 90        1 301_VAIL     -1  7  8  540
 91  7000052 135          -1  4  8  240
 92    15476 378          -1  3  8  540
 93    15450 157          -1  3  8  600
 94     2040 531          -1  7  8  480
 95    15562 140          -1  0  8  480
 96  7000026 369          -1  5  8  480
 97    15405 381          -1  5  8  480
 98    15580 029          -1  5  8  480
 99    15555 436          -1  5  8  540
100    15107 364          -1  4  8  420
101    15070 426          -1  4  8  360
102        1 104_VAIL     -1  2  8  480
103  7000029 390          -1  2  8  420
104        1 17313IMP     -1  2  8  480
105    15488 391          -1  2  8  420
106  7000041 008          -1  0  8  480
107    15217 454          -1  0  8  360
108    15243 449          -1  4  8  420
109    15245 308          -1  4  8  480
110    15409 312          -1  4  8  480
111    15460 343          -1  4  8  480
112    15516 385          -1  4  8  540
113    14417 437          -1  4  8  360
114    15161 097          -1  4  8  420
115    15358 383          -1  4  8  480
116    15431 363          -1  4  8  480
117  7000069 189          -1  4  8  720
118        1 0187__PI     -1  2  8  480
119     2047 536          -1  7  8  360
120    15369 433          -1  2  8  480
121  7000032 246          -1  0  8  480
122    15614 138          -1  0  8  480
123  7000065 200          -1  5  8  480
124        1 17314IMP     -1  2  8  480
125  7000018 142          -1  3  8  480
126        1 6406_BEL     -1  2 12  480
127    15076 537          -1  2 12  360
128        1 6401_BEL     -1  2 12  480
129        1 6405BEL      -1  2 12  540
130    15606 068          -1  6 12  480
131  7000008 053          -1  6 12  480
132        1 215_MD       -1  6 12  480
133        1 708NEPVE     -1  6 12  540
134        1 707NEPVE     -1  6 12  540
135     2001 867          -1  6 12  360
136     2120 836          -1  6 12  360
137    15526 835          -1  6 12  360
138    15246 296          -1  1 12  480
139    15346 524          -1  1 12  540
140    15376 298          -1  1 12  540
141    14411 532          -1  1 12  420
142    15377 065          -1  1 12  600
143    10124 295          -1  1 12  420
144    14411 052          -1  1 12  780
145        1 6407BEL      -1  2 12  540
146  7000013 478          -1  7 12  420
147  7000067 430          -1  7 12  420
148     2026 429          -1  7 12  480
149     2068 468          -1  7 12  420
150    15383 160          -1  4 12  420
151  7000042 297          -1  4 12  480
152        1 706NEPVE     -1  6 12  540
Clients:  99 3524.0
  0 932624 101066 1643  2  870   1.5  1 
  1 930679 104152 1283  0  600   3.0  1 
  2 931519 104442  686  4  870   3.0  1 
  3 929530 000469  150  0  450   3.5  1 
  4 930556 103338 1251  1  810   3.5  1 
  5 932224 002087 1573  7  870   4.5  1 
  6 931564 102183 1434  3  780   5.0  1 
  7 932374 104683   88  3  480   5.0  1 
  8 932509 100211 1630  7  690   5.0  1 
  9 931175 104681 1369  6  810   6.0  1 
 10 932180 100878  122  1  690   6.0  1 
 11 929540 103062  379  5  420   6.5  1 
 12 932532 103820 1635  1  480   7.0  1 
 13 930334 023155  865  0  870   7.5  1 
 14 932687 000858 1663  3  690   7.5  1 
 15 931085 102695  354  0  420   8.0  1 
 16 930646 100740  370  2  450   8.5  1 
 17 929914 100373  943  7  750  12.0  1 
 18 931150 103359 1365  7  450  12.0  1 
 19 931849 104512  554  7  540  12.0  1 
 20 930240 104841 1202  7  780  13.0  1 
 21 931369 104158 1033  6  810  13.0  1 
 22 929267 000857  815  4  840   7.0  1 
 23 929742 000857 1115  2  450   7.0  1 
 24 930957 001234 1336  6  600  14.0  2 
 25 930748 104815   94  1  660  15.0  1 
 26 932809 101843 1684  7  840  16.0  1 
 27 932493 103987 1424  7  750  20.0  2 
 28 928766 103910  926  6  420  21.5  3 
 29 928629 103949  905  2  840  22.0  1 
 30 930641 103722 1273  2  420  13.0  1 
 31 932416 103722 1016  1  810  10.0  1 
 32 931474 COD 1413  1  450  15.0  1 
 33 932055 COD 1528  6  810   5.5  1 
 34 932101 COD  669  6  720   3.5  1 
 35 928979 102893  967  0  780  27.0  1 
 36 930533 104053  634  1  615  28.0  1 
 37 931412 104741  261  2  840  28.0  1 
 38 927616 003350  730  4  750  31.0  2 
 39 929271 104868 1019  6  450  31.0  1 
 40 930221 001460 1197  3  810  32.0  1 
 41 931375 101951   10  3  540  38.0  1 
 42 932109 103418 1544  7  780  38.5  1 
 43 930759 104553 1296  7  420  39.0  2 
 44 930769 102164 1298  6  420  18.5  1 
 45 931845 102164 1489  3  420  16.0  1 
 46 932857 102164 1697  4  870   6.5  1 
 47 929909 002195  284  1  450  42.0  1 
 48 930522 104649 1240  2  660  46.0  1 
 49 929651 104284 1066  0  900  50.0  1 
 50 931692 104604 1452  6  855  50.0  1 
 51 925968 003390  170  6  870  10.5  1 
 52 928626 003390  904  5  930   6.0  1 
 53 932069 003390 1530  0  660  29.5  1 
 54 932626 003390 1644  7  930   5.0  1 
 55 924330 000785  204  1  630   2.0  1 
 56 924365 000785  212  2  780   2.5  1 
 57 929877 000785 1136  2  900   4.0  1 
 58 929945 000785 1151  0  900   8.0  1 
 59 931110 000785 1355  2  870  32.0  1 
 60 932356 000785 1604  5  870   8.0  1 
 61 931526 104490 1426  0  600  49.0  1 
 62 932324 104490 1592  6  690  11.5  1 
 63 927776 104778   57  1  660  61.5  2 
 64 931293 002988 1386  0  420  66.0  1 
 65 928436 104401  875  1  780  68.0  1 
 66 930046 103772 1171  7  630  71.0  3 
 67 930536 103289 1242  0  450  72.0  1 
 68 925668 102625  153  6  540  37.0  2 
 69 931865 102625  533  1  675  10.0  1 
 70 931870 102625  533  1  450  28.0  1 
 71 929699 103723  653  3  435  71.0  1 
 72 930622 103723 1266  3  870   8.0  1 
 73 924623 104269  235  6  595  97.0  3 
 74 932325 103762 1593  2  420  92.0  1 
 75 932599 103762 1640  2  510  26.0  1 
 76 930147 104686 1185  4 1380  11.0  1 
 77 931301 104686  829  0  540  15.0  1 
 78 931302 104686  829  0  795  30.5  1 
 79 931348 104686 1011  5  420  35.0  1 
 80 931521 104686 1423  0  450  35.0  1 
 81 930561 003483  146  4  505 116.0  3 
 82 932190 003483  146  5  720  18.0  2 
 83 925146 104706  278  1  450  59.0  1 
 84 925352 104706  278  1  750  39.5  1 
 85 927665 104706  278  1  480  42.0  1 
 86 926498 104500  501  2  480 160.0  3 
 87 924342 070149   64  5  480  96.0  1 
 88 930816 070149 1310  1  420   4.0  2 
 89 931031 070149  444  2  535  10.0  2 
 90 931252 070149   84  2  480  30.0  1 
 91 931256 070149   84  4  420  36.0  1 
 92 930933 104970   47  4  480 181.0  2 
 93 929515 104842  105  7  450 189.0  2 
 94 926944 104054   33  6  480 181.5  3 
 95 930502 104054  625  2  840  15.0  1 
 96 927435 103352  258  1  540 210.0  2 
 97 932482 103352  258  1  840   3.0  1 
 98 930441 104590    0  5  450 288.0  1 
Orders:  123  
  0   0   1.5  2  
  1   1   3.0  0  
  2   2   3.0  4  
  3   3   3.5  0  
  4   4   3.5  1  
  5   5   4.5  7  
  6   6   5.0  3  
  7   7   5.0  3  
  8   8   5.0  7  
  9   9   6.0  6  
 10  10   6.0  1  
 11  11   6.5  5  
 12  12   7.0  1  
 13  13   7.5  0  
 14  14   7.5  3  
 15  15   8.0  0  
 16  16   8.5  2  
 17  17  12.0  7  
 18  18  12.0  7  
 19  19  12.0  7  
 20  20  13.0  7  
 21  21  13.0  6  
 22  22   7.0  4  
 23  23   7.0  2  
 24  24   6.5  6  
 25  24   7.5  6  
 26  25  15.0  1  
 27  26  16.0  7  
 28  27   5.0  7  
 29  27  15.0  7  
 30  28   2.5  6  
 31  28   8.0  6  
 32  28  11.0  6  
 33  29  22.0  2  
 34  30  13.0  2  
 35  31  10.0  1  
 36  32  15.0  1  
 37  33   5.5  6  
 38  34   3.5  6  
 39  35  27.0  0  
 40  36  28.0  1  
 41  37  28.0  2  
 42  38  15.0  4  
 43  38  16.0  4  
 44  39  31.0  6  
 45  40  32.0  3  
 46  41  38.0  3  
 47  42  38.5  7  
 48  43   7.0  7  
 49  43  32.0  7  
 50  44  18.5  6  
 51  45  16.0  3  
 52  46   6.5  4  
 53  47  42.0  1  
 54  48  46.0  2  
 55  49  50.0  0  
 56  50  50.0  6  
 57  51  10.5  6  
 58  52   6.0  5  
 59  53  29.5  0  
 60  54   5.0  7  
 61  55   2.0  1  
 62  56   2.5  2  
 63  57   4.0  2  
 64  58   8.0  0  
 65  59  32.0  2  
 66  60   8.0  5  
 67  61  49.0  0  
 68  62  11.5  6  
 69  63  16.0  1  
 70  63  45.5  1  
 71  64  66.0  0  
 72  65  68.0  1  
 73  66  18.0  7  
 74  66  24.0  7  
 75  66  29.0  7  
 76  67  72.0  0  
 77  68  16.0  0  
 78  68  21.0  6  
 79  69  10.0  1  
 80  70  28.0  1  
 81  71  71.0  3  
 82  72   8.0  3  
 83  73   1.5  6  
 84  73  15.5  6  
 85  73  80.0  6  
 86  74  92.0  2  
 87  75  26.0  2  
 88  76  11.0  4  
 89  77  15.0  0  
 90  78  30.5  0  
 91  79  35.0  5  
 92  80  35.0  0  
 93  81   1.0  4  
 94  81  10.0  4  
 95  81 105.0  4  
 96  82   7.0  5  
 97  82  11.0  5  
 98  83  59.0  1  
 99  84  39.5  1  
100  85  42.0  1  
101  86   6.0  2  
102  86  16.0  2  
103  86 138.0  2  
104  87  96.0  5  
105  88   1.0  1  
106  88   3.0  1  
107  89   1.0  2  
108  89   9.0  2  
109  90  30.0  2  
110  91  36.0  4  
111  92  14.0  4  
112  92 167.0  4  
113  93   8.0  7  
114  93 181.0  7  
115  94   4.5  6  
116  94   5.5  6  
117  94 171.5  6  
118  95  15.0  2  
119  96  15.0  1  
120  96 195.0  1  
121  97   3.0  1  
122  98 288.0  5  
Plants:   8
 0 2492 35  75 
 1 2489  5 135 
 2 2490 10 111 
 3 2493 50  75 
 4 2491 20  87 
 5 2494 54  70 
 6 2495 57  90 
 7 2496 58  90