Drivers:       154
  0    15017 263          -1  1  8  385
  1    15110 440          -1  1  8  395
  2    15151 259          -1  1  8  405
  3    15138 450          -1  1  8  405
  4    15228 340          -1  1  8  430
  5    15223 320          -1  1  8  430
  6    15305 464          -1  1  8  445
  7    15401 461          -1  1  8  455
  8    15405 381          -1  1  8  465
  9    15432 392          -1  1  8  485
 10    15435 388          -1  1  8  490
 11    15438 361          -1  1  8  505
 12    15436 382          -1  1  8  505
 13    15428 196          -1  1  8  525
 14    15580 029          -1  1  8  540
 15    15555 436          -1  1  8  540
 16    15542 030          -1  1  8  540
 17    15515 342          -1  1  8  540
 18    15559 315          -1  1  8  540
 19    15521 098          -1  1  8  555
 20    15607 188          -1  1  8  560
 21  7000030 023          -1  1  8  580
 22  7000053 024          -1  1  8  585
 23    15083 460          -1  2  8  365
 24    15112 486          -1  2  8  375
 25    15173 311          -1  2  8  390
 26    15277 158|344      -1  2  8  415
 27    15369 433          -1  2  8  425
 28    15459 390          -1  2  8  425
 29    15423 366          -1  2  8  430
 30    15486 313          -1  2  8  440
 31    15488 391          -1  2  8  440
 32    15558 314          -1  2  8  450
 33  7000029 319          -1  2  8  455
 34  7000026 369          -1  2  8  455
 35  7000065 389          -1  2  8  470
 36  7000066 018          -1  2  8  475
 37    14417 437          -1  4  8  350
 38    15070 426          -1  4  8  365
 39    15107 367          -1  4  8  365
 40    15143 370          -1  4  8  380
 41    15176 383          -1  4  8  400
 42    15243 449          -1  4  8  425
 43    15245 308          -1  4  8  430
 44    15431 363          -1  4  8  455
 45    15460 824_MER      -1  4  8  465
 46    15611 092          -1  4  8  480
 47    15516 385          -1  4  8  480
 48  7000007 090          -1  4  8  510
 49  7000052 135          -1  4  8  510
 50  7000031 026          -1  4  8  525
 51  7000063 190          -1  4  8  525
 52  7000069 189          -1  4  8  535
 53    15161 089          -1  4  8  650
 54    15150 301          -1  0  8  375
 55    15343 300          -1  0  8  380
 56    15217 454          -1  0  8  385
 57    15392 463          -1  0  8  395
 58    15408 455          -1  0  8  405
 59    15414 345|489      -1  0  8  410
 60    15457 150          -1  0  8  415
 61    15547 149          -1  0  8  425
 62    15539 155          -1  0  8  425
 63    15553 096          -1  0  8  465
 64    15562 140          -1  0  8  475
 65    15578 037          -1  0  8  485
 66  7000032 246          -1  0  8  505
 67  7000041 185          -1  0  8  515
 68    15614 197          -1  0  8  610
 69    14340 482          -1  3  8  360
 70    14347 020          -1  3  8  365
 71    15450 346          -1  3  8  370
 72    15476 378          -1  3  8  380
 73    15479 347          -1  3  8  400
 74    15598 434          -1  3  8  410
 75    15615 142|324      -1  3  8  415
 76  7000011 325          -1  3  8  425
 77  7000018 435          -1  3  8  435
 78  7000045 456          -1  3  8  445
 79    15467 467          -1  5  8  375
 80    15102 349          -1  5  8  375
 81    15589 156          -1  5  8  430
 82    15507 384          -1  5  8  430
 83  7000062 035          -1  5  8  435
 84    15358 364          -1  5  8  435
 85    15409 312          -1  5  8  450
 86    10228 368          -1  5  8  460
 87    15162 025|028      -1  5  8  470
 88    15347 307          -1  5  8  490
 89    15213 249          -1  5  8  515
 90    15422 321          -1  5  8  545
 91     2158 377          -1  6  8  390
 92     2149 831          -1  6  8  410
 93    15535 832          -1  6  8  425
 94    15550 834          -1  6  8  430
 95    15566 470          -1  6  8  435
 96    15582 032          -1  6  8  445
 97    15568 822          -1  6  8  445
 98    15588 828          -1  6  8  450
 99    15605 807          -1  6  8  465
100    15612 371          -1  6  8  470
101    15421 820          -1  6  8  485
102  7000056 826          -1  6  8  495
103     2006 448          -1  7  8  350
104     2019 294          -1  7  8  360
105     2022 099          -1  7  8  380
106     2023 548          -1  7  8  400
107     2040 531          -1  7  8  410
108     2047 536          -1  7  8  425
109     2057 176          -1  7  8  440
110    15560 528          -1  7  8  455
111     2072 526          -1  7  8  460
112  7000054 527          -1  7  8  465
113    14411 295          -1  1 12  365
114    10124 052          -1  1 12  400
115    15246 296          -1  1 12  455
116    15346 524          -1  1 12  480
117    15376 298          -1  1 12  525
118    15377 065          -1  1 12  550
119    15076 537          -1  2 12  355
120    15383 160          -1  2 12  510
121  7000042 297          -1  2 12  540
122     2001 867          -1  6 12  365
123     2120 836          -1  6 12  405
124    15526 844          -1  6 12  420
125    15606 068          -1  6 12  455
126  7000008 053          -1  6 12  475
127        1 705NEPVE     -1  6 12  490
128        1 705NEPVE     -1  6 12  490
129        1 705NEPVE     -1  6 12  490
130        1 705NEPVE     -1  6 12  490
131        1 705NEPVE     -1  6 12  490
132        1 705NEPVE     -1  6 12  490
133        1 705NEPVE     -1  6 12  490
134        1 705NEPVE     -1  6 12  490
135        1 705NEPVE     -1  6 12  490
136        1 705NEPVE     -1  6 12  490
137        1 705NEPVE     -1  6 12  490
138        1 705NEPVE     -1  6 12  490
139        1 705NEPVE     -1  6 12  490
140        1 705NEPVE     -1  6 12  490
141        1 705NEPVE     -1  6 12  490
142        1 705NEPVE     -1  6 12  490
143        1 705NEPVE     -1  6 12  490
144        1 705NEPVE     -1  6 12  490
145        1 705NEPVE     -1  6 12  490
146        1 705NEPVE     -1  6 12  490
147        1 705NEPVE     -1  6 12  490
148        1 705NEPVE     -1  6 12  490
149        1 705NEPVE     -1  6 12  490
150     2026 429          -1  7 12  435
151     2068 468          -1  7 12  450
152  7000013 478          -1  7 12  475
153  7000067 430          -1  7 12  485
Clients:  100 3597.0
  0 931766 001940 1468  6  810   1.0  1 
  1 931822 104617 1480  5  960   1.0  1 
  2 931441 102625   70  1  900   2.0  1 
  3 930193 104686   59  5  420   3.0  1 
  4 930865 103751  786  0  480   3.0  1 
  5 931014 101247 1340  7  630   3.0  1 
  6 930230 000785 1199  2  870   3.0  1 
  7 928785 104512  554  7  600   3.5  1 
  8 928621 003390  902  5  900   3.5  1 
  9 931258 000785  474  2  900   3.5  1 
 10 930618 102183  959  3  915   3.5  1 
 11 931155 104123 1366  7  420   4.0  1 
 12 931236 001234 1377  0  480   4.0  1 
 13 930349 104442 1221  0  810   4.0  1 
 14 931552 104706  278  1  840   4.0  1 
 15 929143 104500  501  5  840   4.0  1 
 16 929424 100637  375  3  450   5.0  1 
 17 930783 104686 1303  5  570   5.0  1 
 18 930167 003390  834  5  840   5.0  1 
 19 930925 003308 1325  6  900   5.0  1 
 20 930393 102938 1228  6  930   5.0  1 
 21 929902 100510 1140  0  450   5.5  1 
 22 929828 101012 1057  1  540   5.5  1 
 23 931156 104123 1125  7  600   5.5  1 
 24 930341 COD    1025  0  450   6.0  1 
 25 930243 COD    1040  6  900   6.0  1 
 26 929095 023155  990  6  630   7.0  1 
 27 929752 101820 1120  0  780   7.0  1 
 28 929733 001234 1112  6  600   7.5  1 
 29 931782 104503 1472  0  720   7.5  1 
 30 925639 002884  333  5  870   8.0  1 
 31 931556 000785 1430  2  930   8.0  1 
 32 930249 103970    6  7  420   9.0  2 
 33 931409 103723 1400  3  780   9.0  1 
 34 931553 104706  278  1  900   9.0  1 
 35 930681 070149  273  0  900   9.0  1 
 36 929085 104256  126  7  900   9.5  1 
 37 931551 104706  278  1  570  10.0  1 
 38 930369 COD    1224  6  420  10.5  1 
 39 930264 103389 1205  7  750  10.5  1 
 40 931340 104490 1392  0  600  11.5  1 
 41 930044 104244 1170  7  450  12.0  1 
 42 931603 103762 1439  2  630  12.0  1 
 43 929254 104815   94  2  750  12.0  1 
 44 929650 104284 1094  0  810  12.0  1 
 45 931516 104442 1422  2  840  12.5  1 
 46 930490 104284 1238  0  540  13.0  1 
 47 931485 104557 1417  0  660  13.0  1 
 48 930952 104490 1334  0  630  13.5  1 
 49 923107 104830   99  1  780  13.5  1 
 50 931193 104284 1371  0  870  14.0  1 
 51 925965 003390  395  6  870  15.0  1 
 52 929236 103722 1016  2  420  16.0  1 
 53 931426 104503 1403  0  450  16.0  1 
 54 930550 104557 1248  0  450  16.0  1 
 55 931028 103762 1343  1  540  16.0  1 
 56 930474 002988  645  0  660  16.0  1 
 57 931178 103820 1370  2  720  16.0  2 
 58 929318 036960  768  3  750  16.0  1 
 59 931525 104490 1425  0  930  16.0  1 
 60 930563 100211 1126  7  750  17.0  1 
 61 928976 102893  966  6  750  18.0  1 
 62 930219 001460 1196  5  900  18.0  1 
 63 925142 104706  278  1  450  19.5  1 
 64 930146 104686  180  4 1410  20.0  1 
 65 929539 103062 1070  5  420  21.0  1 
 66 929900 100373  943  7  600  22.0  1 
 67 923529 104054   33  6  840  22.0  2 
 68 930236 104841  856  7  660  24.0  1 
 69 930848 104747 1317  7  885  25.0  1 
 70 929759 104544 1121  7  720  26.0  2 
 71 930649 102309 1276  0  600  26.5  1 
 72 929024 002891  977  7  420  29.5  1 
 73 929576 100211 1078  7  900  33.0  1 
 74 929910 104712  849  0  690  38.5  1 
 75 929598 104686   63  1  600  42.0  1 
 76 928125 101523  225  2  720  44.0  1 
 77 928961 003483  146  4  540  44.5  3 
 78 929296 103910  909  6  540  50.0  1 
 79 931473 104503 1412  0  840  55.0  1 
 80 925504 104774  317  0  450  55.5  1 
 81 927662 104706  278  4  510  56.0  1 
 82 925348 104706  278  1  720  59.5  1 
 83 927761 100060   96  5  480  60.0  1 
 84 927896 104764  767  6  480  65.0  2 
 85 930045 103772 1171  2  750  71.0  1 
 86 928434 104401  438  1  810  71.5  2 
 87 927458 103726  697  7  795  75.0  1 
 88 927947 003483  232  6  450  85.0  2 
 89 926191 070149   64  5  480 101.0  1 
 90 920248 103762   28  1  420 114.0  1 
 91 929555 104686 1073  1  450 133.0  1 
 92 931493 104831   85  6  720 136.0  1 
 93 931531 104892  121  6  450 167.0  2 
 94 927742 100878  122  1  540 185.5  2 
 95 927438 103352  690  2  480 186.0  2 
 96 926187 104830   99  2  420 188.0  2 
 97 923630 103338  134  4  415 217.0  2 
 98 929513 104842  105  7  450 229.0  2 
 99 927740 104683  743  3  415 239.5  2 
Orders:  116  
  0   0   1.0  6  
  1   1   1.0  5  
  2   2   2.0  1  
  3   3   3.0  5  
  4   4   3.0  0  
  5   5   3.0  7  
  6   6   3.0  2  
  7   7   3.5  7  
  8   8   3.5  5  
  9   9   3.5  2  
 10  10   3.5  3  
 11  11   4.0  7  
 12  12   4.0  0  
 13  13   4.0  0  
 14  14   4.0  1  
 15  15   4.0  5  
 16  16   5.0  3  
 17  17   5.0  5  
 18  18   5.0  5  
 19  19   5.0  6  
 20  20   5.0  6  
 21  21   5.5  0  
 22  22   5.5  1  
 23  23   5.5  7  
 24  24   6.0  0  
 25  25   6.0  6  
 26  26   7.0  6  
 27  27   7.0  0  
 28  28   7.5  6  
 29  29   7.5  0  
 30  30   8.0  5  
 31  31   8.0  2  
 32  32   4.0  7  
 33  32   5.0  7  
 34  33   9.0  3  
 35  34   9.0  1  
 36  35   9.0  0  
 37  36   9.5  7  
 38  37  10.0  1  
 39  38  10.5  6  
 40  39  10.5  7  
 41  40  11.5  0  
 42  41  12.0  7  
 43  42  12.0  2  
 44  43  12.0  2  
 45  44  12.0  0  
 46  45  12.5  2  
 47  46  13.0  0  
 48  47  13.0  0  
 49  48  13.5  0  
 50  49  13.5  1  
 51  50  14.0  0  
 52  51  15.0  6  
 53  52  16.0  2  
 54  53  16.0  0  
 55  54  16.0  0  
 56  55  16.0  1  
 57  56  16.0  0  
 58  57  12.0  2  
 59  57   4.0  2  
 60  58  16.0  3  
 61  59  16.0  0  
 62  60  17.0  7  
 63  61  18.0  6  
 64  62  18.0  5  
 65  63  19.5  1  
 66  64  20.0  4  
 67  65  21.0  5  
 68  66  22.0  7  
 69  67  11.0  6  
 70  67  11.0  6  
 71  68  24.0  7  
 72  69  25.0  7  
 73  70   2.0  1  
 74  70  24.0  7  
 75  71  26.5  0  
 76  72  29.5  7  
 77  73  33.0  7  
 78  74  38.5  0  
 79  75  42.0  1  
 80  76  44.0  2  
 81  77   1.0  4  
 82  77  16.0  4  
 83  77  27.5  4  
 84  78  50.0  6  
 85  79  55.0  0  
 86  80  55.5  0  
 87  81  56.0  4  
 88  82  59.5  1  
 89  83  60.0  5  
 90  84   1.0  6  
 91  84  64.0  6  
 92  85  71.0  2  
 93  86   7.5  1  
 94  86  64.0  1  
 95  87  75.0  7  
 96  88  61.5  6  
 97  88  23.5  6  
 98  89 101.0  5  
 99  90 114.0  1  
100  91 133.0  1  
101  92 136.0  6  
102  93  33.0  6  
103  93 134.0  6  
104  94 173.5  1  
105  94  12.0  1  
106  95  24.0  2  
107  95 162.0  2  
108  96   2.0  2  
109  96 186.0  2  
110  97   1.0  4  
111  97 216.0  4  
112  98 206.0  7  
113  98  23.0  7  
114  99 238.5  3  
115  99   1.0  3  
Plants:   8
 0 2492 35  75 
 1 2489  5 135 
 2 2490 10 111 
 3 2493 50  75 
 4 2491 20  87 
 5 2494 54  70 
 6 2495 57  90 
 7 2496 58  90