Drivers:       133
  0        1 704NEPVE     -1  1  8  545
  1        1 710NEPVE     -1  1  8  530
  2        1 711NEPVE     -1  1  8  545
  3  7000053 024          -1  1  8  515
  4    15423 314|344      -1  1  8  375
  5    15277 158          -1  1  8  435
  6  7000066 386          -1  1  8  500
  7    15173 311          -1  1  8  410
  8  7000065 390          -1  1  8  495
  9    15214 319          -1  1  8  415
 10    15083 460          -1  1  8  335
 11    15486 313          -1  1  8  460
 12    15369 433          -1  1  8  450
 13    15422 321          -1  1  8  470
 14    15542 521          -1  1  8  490
 15  7000029 369          -1  1  8  485
 16    15401 461          -1  1  8  440
 17    15488 391          -1  1  8  605
 18    15305 464          -1  1  8  435
 19    15515 342          -1  1  8  520
 20    15112 486          -1  1  8  390
 21    15070 426          -1  3  8  370
 22    15176 350          -1  3  8  465
 23  7000069 189          -1  3  8  630
 24    15161 331          -1  3  8  460
 25    15245 308          -1  3  8  475
 26    15431 363          -1  3  8  495
 27    15460 343          -1  3  8  520
 28    15611 097          -1  3  8  530
 29  7000063 190          -1  3  8  545
 30    15107 367          -1  3  8  485
 31    15451 383          -1  3  8  500
 32    15243 449          -1  3  8  475
 33    15358 310          -1  3  8  485
 34    15516 385          -1  3  8  530
 35    14417 437          -1  3  8  335
 36  7000052 090          -1  3  8  545
 37    15409 312          -1  3  8  490
 38    15143 364          -1  3  8  450
 39  7000042 026          -1  3  8  570
 40    15457 150          -1  0  8  420
 41    15553 096          -1  0  8  450
 42    15577 088          -1  0  8  475
 43    15343 300          -1  0  8  350
 44    15414 323          -1  0  8  415
 45    15547 008          -1  0  8  445
 46  7000032 246          -1  0  8  505
 47    15217 454          -1  0  8  380
 48    15392 463          -1  0  8  390
 49    15408 455          -1  0  8  410
 50    15539 489          -1  0  8  435
 51    15562 345          -1  0  8  465
 52    15614 138          -1  0  8  485
 53    15578 037          -1  0  8  475
 54  7000041 185          -1  0  8  515
 55    15150 301          -1  0  8  340
 56  7000045 456          -1  2  8  545
 57    14340 482          -1  2  8  360
 58    14347 469          -1  2  8  390
 59    15476 378          -1  2  8  415
 60    15598 434          -1  2  8  440
 61  7000011 325          -1  2  8  470
 62  7000038 020          -1  2  8  540
 63    15615 142          -1  2  8  460
 64  7000018 435          -1  2  8  480
 65    15507 384          -1  4  8  365
 66  7000059 349          -1  4  8  390
 67    10228 368          -1  4  8  400
 68    15436 382          -1  4  8  485
 69  7000062 035          -1  4  8  390
 70    15580 029          -1  4  8  520
 71    15228 340          -1  4  8  465
 72    15432 392          -1  4  8  485
 73    15213 249          -1  4  8  450
 74    15347 307          -1  4  8  475
 75    15138 450          -1  4  8  425
 76    15555 436          -1  4  8  495
 77    15607 188          -1  4  8  530
 78    15559 025          -1  4  8  540
 79    15589 156          -1  4  8  380
 80    15017 196          -1  4  8  530
 81    15467 467          -1  4  8  355
 82    15110 440          -1  4  8  405
 83        1 44_MD        -1  5  8  505
 84     2149 831          -1  5  8  365
 85     2167 866          -1  5  8  385
 86     2100 371          -1  5  8  395
 87    15535 832          -1  5  8  410
 88    15550 834          -1  5  8  450
 89    15588 828          -1  5  8  465
 90    15605 807          -1  5  8  480
 91  7000056 143          -1  5  8  505
 92     2158 377          -1  5  8  340
 93    15421 820          -1  5  8  495
 94    15568 822          -1  5  8  465
 95    15566 830          -1  5  8  450
 96    15612 183          -1  5  8  485
 97     2040 531          -1  6  8  365
 98    15162 387          -1  6  8  410
 99        1 5018JDMI     -1  6  8  470
100        1 103VAIL      -1  6  8  470
101        1 301_VAIL     -1  6  8  475
102        1 70BLAIN      -1  6  8  495
103        1 77BLAIN      -1  6  8  485
104     2023 548          -1  6  8  345
105    15435 388          -1  6  8  445
106     2047 536          -1  6  8  375
107     2072 526          -1  6  8  415
108    15428 362          -1  6  8  450
109     2057 529          -1  6  8  390
110    15560 528          -1  6  8  405
111     2006 448          -1  6  8  605
112     2022 099          -1  6  8  310
113        1 706NEPVE     -1  1 12  640
114    15376 298          -1  1 12  545
115    15377 065          -1  1 12  550
116    14411 532          -1  1 12  490
117    10124 052          -1  1 12  510
118    15383 160          -1  3 12  430
119        1 215_MD       -1  5 12  515
120        1 707NEPVE     -1  5 12  555
121        1 708_NEVE     -1  5 12  585
122     2120 835          -1  5 12  425
123  7000008 053          -1  5 12  490
124     2001 867          -1  5 12  380
125    15526 827          -1  5 12  445
126    15606 068          -1  5 12  475
127    15076 292          -1  6 12  370
128     2026 429          -1  6 12  355
129    15346 524          -1  6 12  620
130     2068 468|476      -1  6 12  400
131   700013 478          -1  6 12  425
132    15246 296          -1  6 12  545
Clients:  84 2971.0
  0 936959 001933 2360  2  780   1.0  1 
  1 938041 COD    2469  5  900   1.0  1 
  2 937808 101066 2457  1  420   2.0  1 
  3 937565 103389 2439  6  660   2.0  1 
  4 936745 070149  935  1  690   2.0  1 
  5 937624 102167 2426  2  840   2.5  1 
  6 936840 102183  959  3  930   2.5  1 
  7 935605 104741   71  1  600   3.0  1 
  8 937966 003428 2465  0  660   3.0  1 
  9 936701 103661 2335  6  690   4.0  1 
 10 936777 101881 2346  5  810   4.0  1 
 11 937943 036960 1691  3  840   4.0  1 
 12 937100 001460 2383  3  900   4.0  1 
 13 936793 COD    2350  0  420   5.0  1 
 14 935312 000785 1478  1  960   5.0  1 
 15 936612 023155 2321  4  900   5.5  1 
 16 932792 000785 1672  1  900   5.5  1 
 17 935509 003650 2163  1  600   6.0  1 
 18 937563 103726 2438  6  615   6.0  1 
 19 937567 103389 2440  6  705   6.0  1 
 20 936165 001615 2250  5  780   6.0  1 
 21 937201 COD    2396  5  420   6.5  1 
 22 937556 003428 2436  5  840   6.5  1 
 23 937240 104686 2402  0  600   7.0  1 
 24 938005 002453 2422  0  840   8.0  1 
 25 937072 103976 2379  6  720   9.0  1 
 26 937438 104003 2336  5  720   9.0  1 
 27 936726 102695  354  0  660   9.5  1 
 28 935667 103949  123  1  510  10.0  1 
 29 937816 100878  122  1  600  10.0  1 
 30 936043 103389 2233  6  795  10.5  1 
 31 935759 103505 2191  5  420  11.0  1 
 32 932708 000785 1667  1  900  11.0  1 
 33 936898 104686  829  0  840  12.0  1 
 34 938076 000785  281  1  900  12.0  2 
 35 937818 104401  438  1  540  12.5  2 
 36 936357 001460 2281  0  480  13.0  1 
 37 935976 104815   94  1  690  14.0  1 
 38 936442 104830  681  4  810  14.0  1 
 39 934525 104835 2000  1  780  15.0  1 
 40 936618 000469 2323  0  870  15.5  1 
 41 933571 104686 1814  4  420  18.0  1 
 42 935990 100373  943  6  840  18.0  1 
 43 936261 100211 2266  6  780  19.0  1 
 44 937359 104054 1150  3  840  19.0  1 
 45 935278 104524 1327  6  885  19.0  1 
 46 935903 003390 2215  5  870  20.5  2 
 47 936090 002988 2039  0  630  21.0  1 
 48 931444 003390  170  3  870  21.5  1 
 49 938026 103820 1370  1  870  22.0  1 
 50 937075 104686 1011  3  420  23.0  2 
 51 936485 104686   63  5  615  24.0  1 
 52 937071 103973 2378  6  810  27.0  1 
 53 936040 103726 2172  6  810  28.0  1 
 54 931661 104696 1450  6  420  30.0  2 
 55 936384 103726  697  6  420  31.0  2 
 56 937879 104876 2462  5  780  31.5  1 
 57 934286 101501  634  6  420  32.0  1 
 58 936272 104928 2268  6  870  35.5  1 
 59 936554 104686 2311  3  660  39.0  1 
 60 936695 COD    2332  2  420  39.5  1 
 61 932413 003350 1616  4  630  40.0  1 
 62 925316 104706  278  4  450  41.0  1 
 63 936891 100878  847  4  810  43.0  3 
 64 927685 104706  278  4  600  44.0  1 
 65 936808 103970 1983  6  720  47.5  2 
 66 936282 104686  453  5  720  48.0  1 
 67 936167 104631 2251  6  480  49.5  1 
 68 935473 102625  153  0  510  53.0  1 
 69 937532 101727 2156  0  780  56.0  1 
 70 927631 104706  278  4  660  60.0  1 
 71 933275 104649  600  1  450  64.0  1 
 72 936475 104649  600  1  470  70.0  1 
 73 933276 104649  600  1  460  85.0  1 
 74 935847 104401  438  1  570  88.0  1 
 75 936041 003483  146  4  445 116.0  3 
 76 937899 104672 1982  2  540 116.0  1 
 77 935886 104284  259  0  420 124.0  1 
 78 936321 104222 1583  5  720 133.5  1 
 79 934931 000241 1567  6  480 138.5  1 
 80 935500 101951   10  5  450 158.5  1 
 81 936398 104831   85  5  510 162.0  2 
 82 935406 104590    0  3  535 205.0  2 
 83 936084 104764  573  3  480 214.0  2 
Orders:  98  
  0   0   1.0  2  
  1   1   1.0  5  
  2   2   2.0  1  
  3   3   2.0  6  
  4   4   2.0  1  
  5   5   2.5  2  
  6   6   2.5  3  
  7   7   3.0  1  
  8   8   3.0  0  
  9   9   4.0  6  
 10  10   4.0  5  
 11  11   4.0  3  
 12  12   4.0  3  
 13  13   5.0  0  
 14  14   5.0  1  
 15  15   5.5  4  
 16  16   5.5  1  
 17  17   6.0  1  
 18  18   6.0  6  
 19  19   6.0  6  
 20  20   6.0  5  
 21  21   6.5  5  
 22  22   6.5  5  
 23  23   7.0  0  
 24  24   8.0  0  
 25  25   9.0  6  
 26  26   9.0  5  
 27  27   9.5  0  
 28  28  10.0  1  
 29  29  10.0  1  
 30  30  10.5  6  
 31  31  11.0  5  
 32  32  11.0  1  
 33  33  12.0  0  
 34  34   5.0  1  
 35  34   7.0  1  
 36  35   5.0  1  
 37  35   7.5  1  
 38  36  13.0  0  
 39  37  14.0  1  
 40  38  14.0  4  
 41  39  15.0  1  
 42  40  15.5  0  
 43  41  18.0  4  
 44  42  18.0  6  
 45  43  19.0  6  
 46  44  19.0  3  
 47  45  19.0  6  
 48  46  13.0  5  
 49  46   7.5  5  
 50  47  21.0  0  
 51  48  21.5  3  
 52  49  22.0  1  
 53  50   7.0  3  
 54  50  16.0  3  
 55  51  24.0  5  
 56  52  27.0  6  
 57  53  28.0  6  
 58  54  17.0  6  
 59  54  13.0  6  
 60  55  15.0  6  
 61  55  16.0  6  
 62  56  31.5  5  
 63  57  32.0  6  
 64  58  35.5  6  
 65  59  39.0  3  
 66  60  39.5  2  
 67  61  40.0  4  
 68  62  41.0  4  
 69  63   5.5  3  
 70  63   7.5  4  
 71  63  30.0  4  
 72  64  44.0  4  
 73  65   8.0  6  
 74  65  39.5  6  
 75  66  48.0  5  
 76  67  49.5  6  
 77  68  53.0  0  
 78  69  56.0  0  
 79  70  60.0  4  
 80  71  64.0  1  
 81  72  70.0  1  
 82  73  85.0  1  
 83  74  88.0  1  
 84  75   1.0  4  
 85  75  10.0  4  
 86  75 105.0  4  
 87  76 116.0  2  
 88  77 124.0  0  
 89  78 133.5  5  
 90  79 138.5  6  
 91  80 158.5  5  
 92  81  44.5  5  
 93  81 117.5  5  
 94  82   1.0  3  
 95  82 204.0  3  
 96  83  21.0  3  
 97  83 193.0  3  
Plants:   7
 0 2492 35  75 
 1 2490 10 111 
 2 2493 50  75 
 3 2491 20  87 
 4 2494 54  70 
 5 2495 57  90 
 6 2496 58  90