Drivers:        19
  0    15423 366          -1  0  8  340
  1    15488 391          -1  0  8  415
  2  7000029 390          -1  0  8  365
  3  7000065 200          -1  0  8  380
  4    14347 469          -1  0  8  410
  5  7000038 157          -1  0  8  440
  6        4 445          -1  0  8  450
  7    15467 467          -1  1  8  400
  8    15107 367          -1  1  8  430
  9  7000063 190          -1  1  8  450
 10    15422 321          -1  1  8  470
 11    15607 188          -1  1  8  485
 12  7000059 384          -1  1  8  415
 13    15243 449          -1  1  8  450
 14    15405 381          -1  1  8  465
 15    15562 140          -1  1  8  495
 16  7000069 343          -1  1  8  425
 17    14411 532          -1  0 12  400
 18        1 706NEPVE     -1  0 12  505
Clients:  7 388.0
  0 935501 104686   63  1  480   3.0  1 
  1 935832 104686 2202  1  840   7.0  1 
  2 934968 102338 2078  1  690  12.0  1 
  3 935825 102735 2201  1  750  14.0  1 
  4 932390 104686 1613  1  465  79.0  1 
  5 932998 104686  140  1  480  92.0  1 
  6 931230 104830  681  0  420 181.0  2 
Orders:  8  
  0   0   3.0  1  
  1   1   7.0  1  
  2   2  12.0  1  
  3   3  14.0  1  
  4   4  79.0  1  
  5   5  92.0  1  
  6   6  28.0  0  
  7   6 153.0  0  
Plants:   2
 0 2490 10 111 
 1 2494 54  70