Drivers:       141
  0    15162 387|340      -1  1  8  375
  1    15213 249          -1  1  8  390
  2    15223 320          -1  1  8  395
  3    15274 379          -1  1  8  415
  4    15347 307          -1  1  8  425
  5    15401 028          -1  1  8  430
  6    15432 392          -1  1  8  435
  7    15436 382          -1  1  8  445
  8    15438 361          -1  1  8  445
  9    15515 342          -1  1  8  450
 10    15555 436          -1  1  8  460
 11    15559 025          -1  1  8  475
 12    15521 098          -1  1  8  480
 13    15580 029          -1  1  8  480
 14    15607 188          -1  1  8  490
 15    15428 263          -1  1  8  490
 16  7000030 023          -1  1  8  500
 17  7000053 024          -1  1  8  505
 18    15305 464          -1  1  8  515
 19    15083 460          -1  2  8  375
 20    15103 344          -1  2  8  380
 21    15112 486          -1  2  8  385
 22    15173 311          -1  2  8  395
 23    15277 158          -1  2  8  410
 24    15369 433          -1  2  8  415
 25    15423 366          -1  2  8  415
 26    15446 389          -1  2  8  415
 27    15459 390          -1  2  8  425
 28    15488 391          -1  2  8  430
 29    15486 313          -1  2  8  440
 30    15558 314          -1  2  8  445
 31  7000065 148          -1  2  8  455
 32  7000029 386          -1  2  8  460
 33  7000066 018          -1  2  8  465
 34    15143 370          -1  4  8  390
 35    15176 350          -1  4  8  405
 36    15243 364          -1  4  8  415
 37    15161 426          -1  4  8  425
 38    15358 310          -1  4  8  425
 39    15431 363          -1  4  8  440
 40    15451 383          -1  4  8  445
 41    15460 343          -1  4  8  460
 42    15516 385          -1  4  8  475
 43    15611 312          -1  4  8  480
 44  7000031 090          -1  4  8  490
 45  7000063 190          -1  4  8  520
 46  7000052 135          -1  4  8  520
 47  7000069 092          -1  4  8  520
 48    15245 308          -1  4  8  555
 49    15150 301          -1  0  8  360
 50    15217 454          -1  0  8  380
 51    15392 463          -1  0  8  390
 52    15408 455          -1  0  8  390
 53    15414 489          -1  0  8  420
 54    15457 345          -1  0  8  420
 55    15539 155          -1  0  8  430
 56    15547 088          -1  0  8  460
 57    15553 096          -1  0  8  475
 58    15578 037          -1  0  8  485
 59    15614 138          -1  0  8  490
 60  7000032 246          -1  0  8  495
 61  7000041 008          -1  0  8  515
 62    14340 482          -1  3  8  360
 63    14347 469          -1  3  8  385
 64    15450 346          -1  3  8  390
 65    15476 378          -1  3  8  400
 66    15479 347          -1  3  8  410
 67    15598 020          -1  3  8  420
 68    15615 324          -1  3  8  430
 69  7000018 435          -1  3  8  440
 70  7000011 325          -1  3  8  440
 71  7000038 089          -1  3  8  450
 72  7000045 456          -1  3  8  460
 73    15102 349          -1  5  8  360
 74    15467 467          -1  5  8  365
 75    15507 384          -1  5  8  370
 76    15589 156          -1  5  8  410
 77  7000062 035          -1  5  8  415
 78  7000059 019          -1  5  8  415
 79    14417 437          -1  5  8  420
 80    15107 367          -1  5  8  425
 81    10228 368          -1  5  8  430
 82    15138 450          -1  5  8  450
 83    15110 440          -1  5  8  450
 84    15151 259          -1  5  8  465
 85    15422 321          -1  5  8  480
 86    15435 388          -1  5  8  495
 87    15542 521          -1  5  8  520
 88     2158 377          -1  6  8  425
 89     2167 866          -1  6  8  435
 90    15535 832          -1  6  8  435
 91    15550 834          -1  6  8  440
 92     2149 831          -1  6  8  455
 93    15582 032          -1  6  8  485
 94    15566 830          -1  6  8  485
 95    15588 828          -1  6  8  495
 96    15605 470          -1  6  8  500
 97    15612 371          -1  6  8  515
 98  7000056 826          -1  6  8  530
 99     2006 448          -1  7  8  360
100     2019 294          -1  7  8  375
101     2040 531          -1  7  8  410
102     2047 536          -1  7  8  435
103     2057 529          -1  7  8  450
104     2072 526          -1  7  8  475
105    15560 528          -1  7  8  480
106  7000054 527          -1  7  8  535
107    10124 542          -1  1 12  380
108    15246 296          -1  1 12  400
109    15376 532          -1  1 12  415
110    15377 065          -1  1 12  420
111    15076 537          -1  2 12  375
112        1 301_VAIL     -1  2 12  500
113        1 301_VAIL     -1  2 12  500
114        1 301_VAIL     -1  2 12  500
115        1 301_VAIL     -1  2 12  500
116        1 301_VAIL     -1  2 12  500
117        1 301_VAIL     -1  2 12  500
118        1 301_VAIL     -1  2 12  500
119        1 301_VAIL     -1  2 12  500
120        1 301_VAIL     -1  2 12  500
121        1 301_VAIL     -1  2 12  500
122        1 301_VAIL     -1  2 12  500
123        1 301_VAIL     -1  2 12  500
124        1 301_VAIL     -1  2 12  500
125        1 301_VAIL     -1  2 12  500
126        1 301_VAIL     -1  2 12  500
127        1 301_VAIL     -1  2 12  500
128        1 301_VAIL     -1  2 12  500
129        1 301_VAIL     -1  2 12  500
130        1 301_VAIL     -1  2 12  500
131    15383 160          -1  4 12  435
132  7000042 297          -1  4 12  505
133     2001 867          -1  6 12  470
134     2120 836          -1  6 12  470
135    15606 068          -1  6 12  505
136  7000008 053          -1  6 12  520
137     2026 476          -1  7 12  405
138     2068 468          -1  7 12  465
139  7000013 478          -1  7 12  495
140  7000067 430          -1  7 12  515
Clients:  100 4302.5
  0 927046 COD     603  6  510   1.0  1 
  1 926068 001234  408  4  480   1.5  1 
  2 927336 102625  516  4  600   1.5  1 
  3 926839 COD     555  6  600   1.5  1 
  4 926360 000785  474  5  870   2.5  1 
  5 926948 023155  191  4  870   2.5  1 
  6 927752 100187  746  0  450   3.0  1 
  7 926729 103949  540  6  480   3.0  1 
  8 924311 000785  197  1  630   3.0  1 
  9 924658 104741   71  5  660   3.0  1 
 10 923156 104686   60  1  780   3.0  1 
 11 927367 102740  561  6  840   3.0  1 
 12 927529 101012  708  1  840   3.0  1 
 13 926117 000785  418  5  870   3.0  1 
 14 923827 100650  152  5  900   3.0  1 
 15 926622 COD     522  0  900   3.0  1 
 16 927509 COD     704  6  540   3.5  1 
 17 927862 103820  763  5  810   4.0  1 
 18 928022 000785  795  1  930   4.0  1 
 19 927424 103867  684  1  900   4.5  1 
 20 926914 102183  577  3  900   4.5  1 
 21 927047 023020  604  6  480   5.0  1 
 22 927939 003428  778  0  720   6.0  1 
 23 927293 102219  656  4  840   6.0  1 
 24 926833 104686   69  0  420   6.5  1 
 25 922951 002860   95  1  420   7.0  1 
 26 924955 103352   49  7  660   7.0  1 
 27 927625 102219  656  4  840   7.0  1 
 28 926835 104512  554  7  930   7.0  1 
 29 925791 102695  354  0  450   7.5  1 
 30 926936 001234  580  6  450   7.5  1 
 31 927747 101162  745  1  660   7.5  1 
 32 926938 104622  581  3  840   7.5  1 
 33 925834 104442  362  6  900   7.5  1 
 34 924158 104686  179  4  480   8.0  1 
 35 924216 104683   88  6  540   8.0  1 
 36 927731 103062   75  5  540   8.0  1 
 37 927733 103062  741  4  690   8.0  1 
 38 927996 104683   88  3  840   8.0  1 
 39 927964 103762  784  1  900   8.0  1 
 40 927643 010875  733  3  930   8.0  1 
 41 927219 103753  642  7  930   9.0  1 
 42 927573 COD     715  3  780  12.0  1 
 43 927620 104706  278  1  780  13.0  1 
 44 925275 101294  298  7  420  13.5  2 
 45 926573 104118  517  7  960  14.0  1 
 46 926069 104486  409  0  480  15.0  1 
 47 927521 102491   65  2  825  15.0  1 
 48 927791 010875   62  0  660  15.5  1 
 49 927704 104241  737  0  420  16.0  1 
 50 924826 102625  153  6  750  16.0  1 
 51 926284 104815   94  2  810  16.0  1 
 52 927807 103501  760  6  870  16.0  1 
 53 925423 100412  308  1  870  16.0  1 
 54 922986 100060   96  4  870  16.0  1 
 55 926104 104686  413  0  450  17.0  1 
 56 923991 104686  164  0  600  17.0  1 
 57 926601 003483  146  5  835  17.0  2 
 58 925581 COD     322  3  420  17.5  2 
 59 925435 104686  311  0  720  18.0  1 
 60 925248 100579  147  5  750  18.0  1 
 61 925129 104706  278  1  540  19.5  1 
 62 925540 104222   92  5  660  21.0  2 
 63 927956 104241  782  6  930  22.0  1 
 64 925743 104681  346  3  780  23.0  1 
 65 926940 101012  583  0  840  24.0  1 
 66 927758 102309  747  0  900  24.0  1 
 67 925335 104706  278  1  720  26.0  1 
 68 926692 104746  535  5  420  30.0  1 
 69 926203 103722  439  4  780  32.0  1 
 70 925820 100692  343  3  900  32.0  1 
 71 927958 104241  783  6  960  33.0  1 
 72 925735 104752  345  0  780  33.5  1 
 73 926684 104686  532  0  540  38.0  1 
 74 925415 104706  278  1  510  39.0  1 
 75 926648 104493   46  2  600  40.0  1 
 76 925554 104686   63  1  600  40.5  1 
 77 925110 101523  225  7  720  41.0  1 
 78 926820 104905  551  6  600  42.0  1 
 79 927457 104900  377  4  900  48.0  1 
 80 925584 102838  324  7  420  55.0  1 
 81 917238 104590    0  4  780  56.0  1 
 82 926155 104327  427  6  855  56.0  1 
 83 923626 103338  133  4  445  57.0  2 
 84 922752 070149   84  5  420  58.0  1 
 85 923525 104831  129  6  750  58.0  1 
 86 924647 104284  238  0  810  67.0  1 
 87 924227 104500   53  4  810  73.5  3 
 88 925448 104838  307  7  720  98.0  1 
 89 920233 103762   18  2  420 170.0  3 
 90 923326 104892  118  4  480 171.5  2 
 91 925500 104830   99  5  420 181.5  2 
 92 925518 104970   47  6  510 200.5  2 
 93 919771 101951   10  3  450 207.0  1 
 94 922145 104778   57  1  420 228.0  1 
 95 924578 103772  115  2  450 247.0  4 
 96 925202 104764  286  6  480 287.0  2 
 97 922499 102625   70  1  420 300.0  3 
 98 927295 104842  105  7  510 302.5  1 
 99 924407 102625   78  2  420 307.0  2 
Orders:  119  
  0   0   1.0  6  
  1   1   1.5  4  
  2   2   1.5  4  
  3   3   1.5  6  
  4   4   2.5  5  
  5   5   2.5  4  
  6   6   3.0  0  
  7   7   3.0  6  
  8   8   3.0  1  
  9   9   3.0  5  
 10  10   3.0  1  
 11  11   3.0  6  
 12  12   3.0  1  
 13  13   3.0  5  
 14  14   3.0  5  
 15  15   3.0  0  
 16  16   3.5  6  
 17  17   4.0  5  
 18  18   4.0  1  
 19  19   4.5  1  
 20  20   4.5  3  
 21  21   5.0  6  
 22  22   6.0  0  
 23  23   6.0  4  
 24  24   6.5  0  
 25  25   7.0  1  
 26  26   7.0  7  
 27  27   7.0  4  
 28  28   7.0  7  
 29  29   7.5  0  
 30  30   7.5  6  
 31  31   7.5  1  
 32  32   7.5  3  
 33  33   7.5  6  
 34  34   8.0  4  
 35  35   8.0  6  
 36  36   8.0  5  
 37  37   8.0  4  
 38  38   8.0  3  
 39  39   8.0  1  
 40  40   8.0  3  
 41  41   9.0  7  
 42  42  12.0  3  
 43  43  13.0  1  
 44  44   7.0  7  
 45  44   6.5  7  
 46  45  14.0  7  
 47  46  15.0  0  
 48  47  15.0  2  
 49  48  15.5  0  
 50  49  16.0  0  
 51  50  16.0  6  
 52  51  16.0  2  
 53  52  16.0  6  
 54  53  16.0  1  
 55  54  16.0  4  
 56  55  17.0  0  
 57  56  17.0  0  
 58  57   1.0  5  
 59  57  16.0  5  
 60  58   5.0  3  
 61  58  12.5  3  
 62  59  18.0  0  
 63  60  18.0  5  
 64  61  19.5  1  
 65  62   6.0  5  
 66  62  15.0  5  
 67  63  22.0  6  
 68  64  23.0  3  
 69  65  24.0  0  
 70  66  24.0  0  
 71  67  26.0  1  
 72  68  30.0  5  
 73  69  32.0  4  
 74  70  32.0  3  
 75  71  33.0  6  
 76  72  33.5  0  
 77  73  38.0  0  
 78  74  39.0  1  
 79  75  40.0  2  
 80  76  40.5  1  
 81  77  41.0  7  
 82  78  42.0  6  
 83  79  48.0  4  
 84  80  55.0  7  
 85  81  56.0  4  
 86  82  56.0  6  
 87  83   1.0  4  
 88  83  56.0  4  
 89  84  58.0  5  
 90  85  58.0  6  
 91  86  67.0  0  
 92  87  14.0  4  
 93  87   2.0  4  
 94  87  57.5  4  
 95  88  98.0  7  
 96  89   6.0  2  
 97  89 156.0  2  
 98  89   8.0  2  
 99  90  27.5  4  
100  90 144.0  4  
101  91   7.0  5  
102  91 174.5  5  
103  92   2.5  6  
104  92 198.0  6  
105  93 207.0  3  
106  94 228.0  1  
107  95   2.0  2  
108  95  35.0  2  
109  95   7.0  2  
110  95 203.0  2  
111  96 279.0  6  
112  96   8.0  6  
113  97   8.0  1  
114  97  24.0  1  
115  97 268.0  1  
116  98 302.5  7  
117  99  28.0  2  
118  99 279.0  2  
Plants:   8
 0 2492 35  75 
 1 2489  5 135 
 2 2490 10 111 
 3 2493 50  75 
 4 2491 20  87 
 5 2494 54  70 
 6 2495 57  90 
 7 2496 58  90