8
97
119
125
0 2489 5 135.0 
1 2490 10 111.0 
2 2491 20 87.0 
3 2492 35 75.0 
4 2493 50 75.0 
5 2494 54 70.0 
6 2495 57 90.0 
7 2496 58 90.0 
0 934914 002917 2066 5 420.00 6.00 
1 934915 103723 1536 50 780.00 35.00 
2 931847 001234 1490 54 930.00 10.00 
3 934923 102164 2071 57 690.00 20.00 
4 932888 070149 359 54 570.00 60.00 
5 934936 104835 2072 57 570.00 7.00 
6 934937 104752 1495 35 420.00 23.50 
7 934427 100412 308 5 900.00 3.00 
8 934432 104672 1982 5 630.00 1.50 
9 934949 002453 2074 35 840.00 20.00 
10 934965 104905 117 57 900.00 2.50 
11 933942 100373 943 58 600.00 11.00 
12 934966 104741 261 10 810.00 1.00 
13 932409 070149 273 35 660.00 5.00 
14 934463 102603 1518 35 415.00 62.00 
15 931394 104797 1398 10 450.00 80.00 
16 933454 104284 1791 35 900.00 37.00 
17 934999 103506 1906 57 810.00 11.50 
18 931416 104778 57 10 720.00 51.00 
19 933977 101685 1905 35 420.00 32.00 
20 933976 104753 1904 58 720.00 14.00 
21 930404 104500 1230 57 480.00 68.00 
22 935013 104284 2086 35 900.00 15.00 
23 929390 100060 96 10 840.00 8.00 
24 932480 002917 1627 58 750.00 34.00 
25 933508 102338 1345 58 420.00 23.00 
26 934048 000785 1915 5 870.00 8.00 
27 925360 104706 278 5 810.00 39.50 
28 932535 103489 1441 50 600.00 83.00 
29 929468 003390 170 20 870.00 21.00 
30 934079 003522 1918 5 420.00 1.50 
31 932544 104401 438 5 755.00 20.00 
32 934082 104686 68 35 540.00 34.00 
33 934090 103861 1921 58 900.00 8.00 
34 934096 103861 1923 58 930.00 11.00 
35 933585 000785 1824 35 660.00 7.00 
36 933591 101012 1614 35 780.00 69.00 
37 931545 104686 56 35 570.00 17.00 
38 934620 103722 2018 54 870.00 1.00 
39 933614 103723 1832 57 810.00 35.50 
40 935157 002988 1235 35 720.00 31.50 
41 931576 102309 1436 35 450.00 20.50 
42 934648 104256 126 58 390.00 9.00 
43 931071 003390 1010 54 840.00 15.50 
44 933122 104515 1743 50 450.00 40.00 
45 935172 000241 766 10 690.00 36.00 
46 933642 003390 1835 35 870.00 7.50 
47 933644 003390 1835 35 930.00 3.00 
48 935181 103762 2107 10 720.00 7.00 
49 929558 104686 1073 5 450.00 112.00 
50 930585 003483 146 20 775.00 40.50 
51 934171 102625 153 57 450.00 40.00 
52 931108 103352 690 5 645.00 12.00 
53 934182 104327 1937 5 750.00 37.00 
54 932650 103762 1654 5 420.00 120.00 
55 932141 001460 1555 57 780.00 16.00 
56 935213 104831 85 57 780.00 56.00 
57 933684 102455 1844 35 750.00 14.00 
58 934196 102603 1939 5 780.00 4.50 
59 933693 101386 1845 57 780.00 2.50 
60 933182 104686 56 35 450.00 3.50 
61 934205 104484 82 20 505.00 180.50 
62 934214 104313 1943 58 900.00 10.50 
63 934216 104313 1944 58 810.00 10.00 
64 934737 103501 2038 57 660.00 13.00 
65 933724 104686 453 5 780.00 16.00 
66 935269 104442 1960 5 930.00 12.00 
67 933233 104649 600 10 435.00 88.00 
68 933751 103359 1856 58 480.00 7.50 
69 933242 104649 600 58 435.00 91.00 
70 934267 003483 1252 5 630.00 4.00 
71 934778 102742 1119 35 870.00 11.00 
72 934781 104284 1848 35 540.00 11.00 
73 934800 104490 2049 35 660.00 11.00 
74 933782 002988 550 35 630.00 57.00 
75 933271 001234 1768 35 480.00 28.00 
76 934299 103976 1962 58 870.00 4.50 
77 931742 102893 1462 35 810.00 13.00 
78 934306 102456 1963 57 900.00 20.00 
79 932776 000785 1677 10 900.00 4.50 
80 934835 104054 1150 20 420.00 40.00 
81 927673 104706 278 5 540.00 42.00 
82 933308 103397 1775 58 450.00 4.50 
83 930758 104815 94 10 420.00 306.00 
84 929224 104493 46 54 780.00 47.00 
85 932813 000785 1539 10 930.00 11.00 
86 932302 104686 38 5 420.00 108.00 
87 924626 104269 235 54 415.00 104.00 
88 933845 003483 1880 58 600.00 3.00 
89 932822 103772 1171 58 450.00 225.00 
90 933341 104970 1779 20 480.00 210.00 
91 934878 002658 2060 35 420.00 1.00 
92 933354 104741 1780 10 480.00 17.00 
93 925164 104706 278 5 450.00 39.50 
94 934898 104683 88 50 630.00 20.00 
95 934900 104764 499 57 660.00 7.50 
96 931837 103910 1484 50 420.00 15.50 
0 0 6.00 15 60 3 
1 1 35.00 35 35 3 
2 2 10.00 30 45 3 
3 3 12.00 45 30 3 
4 3 8.00 45 30 3 
5 4 60.00 35 30 4.13 
6 5 7.00 35 60 3 
7 6 23.50 13 30 3 
8 7 3.00 20 60 1.87 
9 8 1.50 30 60 3 
10 9 20.00 28 45 3 
11 10 2.50 30 35 3 
12 11 11.00 12 20 3 
13 12 1.00 30 60 1.9 
14 13 5.00 27 45 3 
15 14 1.00 13 35 3 
16 14 61.00 13 35 3 
17 15 80.00 30 27 14.3 
18 16 37.00 20 15 3 
19 17 11.50 45 30 3 
20 18 51.00 35 21 12.3 
21 19 24.50 20 25 3 
22 19 7.50 20 25 3 
23 20 14.00 30 20 3 
24 21 63.50 40 24 3 
25 21 1.00 40 24 3 
26 21 3.50 40 24 3 
27 22 15.00 15 15 3 
28 23 8.00 40 60 3 
29 24 34.00 25 30 3 
30 25 23.00 15 20 3 
31 26 8.00 30 60 3 
32 27 39.50 21 15 18.37 
33 28 83.00 36 20 3 
34 29 21.00 15 45 2.1 
35 30 1.50 40 60 3 
36 31 20.00 20 16 9.37 
37 32 34.00 35 15 7.95 
38 33 8.00 30 20 3 
39 34 11.00 30 20 3 
40 35 3.50 25 60 3 
41 35 3.50 25 60 3 
42 36 69.00 20 20 3 
43 37 17.00 25 20 3 
44 38 1.00 35 45 3 
45 39 35.50 35 30 3 
46 40 31.50 12 25 3 
47 41 14.00 35 45 3 
48 41 6.50 35 45 3 
49 42 9.00 12 30 3 
50 43 13.00 15 30 1.63 
51 43 2.50 15 30 1.63 
52 44 32.00 40 30 3 
53 44 8.00 40 30 3 
54 45 36.00 20 16 11.17 
55 46 7.50 30 35 3 
56 47 3.00 30 35 3 
57 48 7.00 25 60 5.63 
58 49 112.00 40 20 5.07 
59 50 1.00 30 22 10.77 
60 50 19.50 30 22 10.77 
61 50 20.00 30 22 10.77 
62 51 40.00 30 25 3 
63 52 12.00 20 45 4.13 
64 53 37.00 15 25 3 
65 54 112.00 30 25 13.03 
66 54 8.00 30 25 13.03 
67 55 16.00 32 40 3 
68 56 56.00 25 20 3 
69 57 14.00 25 60 3 
70 58 4.50 15 60 3 
71 59 2.50 35 38 3 
72 60 3.50 25 60 7.93 
73 61 179.50 30 20 12.13 
74 61 1.00 30 20 12.13 
75 62 10.50 40 20 3 
76 63 10.00 26 20 3 
77 64 13.00 45 15 3 
78 65 16.00 35 19 5.7 
79 66 12.00 40 40 2.47 
80 67 88.00 40 40 5.6 
81 68 7.50 50 45 3 
82 69 91.00 25 28 3 
83 70 4.00 25 60 3 
84 71 11.00 25 40 3 
85 72 11.00 20 35 3 
86 73 11.00 29 45 3 
87 74 57.00 35 45 3 
88 75 28.00 25 75 3 
89 76 4.50 35 20 3 
90 77 13.00 20 45 3 
91 78 20.00 5 15 3 
92 79 4.50 30 60 13.43 
93 80 40.00 35 18 1.73 
94 81 42.00 35 30 8.13 
95 82 4.50 40 45 3 
96 83 306.00 30 15 3 
97 84 47.00 30 24 4.7 
98 85 11.00 35 60 5.33 
99 86 108.00 40 30 32.32 
100 87 1.50 25 16 9.53 
101 87 87.00 25 16 9.53 
102 87 15.50 25 16 9.53 
103 88 3.00 35 35 3 
104 89 217.00 25 16 3 
105 89 8.00 25 16 3 
106 90 44.00 30 20 10.57 
107 90 140.00 30 20 10.57 
108 90 8.00 30 20 10.57 
109 90 3.00 30 20 10.57 
110 90 15.00 30 20 10.57 
111 91 1.00 12 36 3 
112 92 17.00 30 45 3 
113 93 39.50 40 15 3 
114 94 8.00 30 30 3 
115 94 12.00 30 30 3 
116 95 7.50 25 30 3 
117 96 8.00 37 30 3 
118 96 7.50 37 30 3 
0 15102 -1 -1 54 8 390 961 
1 15398 912 54 54 8 397 877 
2 15467 1085 54 54 8 403 924 
3 15589 1460 54 54 8 424 1120 
4 7000059 35091 54 54 8 431 1023 
5 7000062 35106 54 54 8 466 976 
6 15083 156 10 54 8 468 1058 
7 15161 213 20 54 8 485 1024 
8 15112 183 10 54 8 500 1004 
9 15245 372 20 54 8 513 992 
10 15423 983 10 54 8 532 1072 
11 15151 207 5 5 8 419 978 
12 15228 279 5 5 8 425 903 
13 15347 734 5 5 8 456 974 
14 15405 938 5 5 8 472 1020 
15 15428 992 5 5 8 485 1120 
16 15435 1004 5 5 8 496 978 
17 15401 926 5 5 8 461 920 
18 15436 1007 5 5 8 505 1072 
19 15305 625 5 5 8 447 948 
20 15515 1283 5 5 8 513 1028 
21 15580 -1 -1 5 8 543 1053 
22 15521 1310 5 5 8 525 949 
23 15438 1013 5 5 8 515 976 
24 15555 -1 -1 5 8 538 1096 
25 7000065 35109 10 10 8 525 1028 
26 15243 363 20 20 8 448 1068 
27 7000069 35115 20 20 8 511 988 
28 7000031 35037 20 20 8 502 1022 
29 15213 270 5 5 8 432 929 
30 15422 980 5 5 8 480 976 
31 15542 1346 5 5 8 530 654 
32 15607 1499 5 5 8 560 1154 
33 15110 180 5 5 8 401 1011 
34 2167 1235 57 57 8 431 965 
35 15550 1254 57 57 8 457 946 
36 15568 1256 57 57 8 485 974 
37 15605 1497 57 57 8 518 1030 
38 15421 -1 -1 57 8 542 1030 
39 7000018 -1 -1 57 8 563 1040 
40 7000038 35046 50 57 8 595 1000 
41 2158 1168 57 57 8 406 985 
42 15535 1251 57 57 8 452 1001 
43 15107 177 20 20 8 410 1031 
44 15451 1052 20 20 8 459 1037 
45 15611 1817 20 20 8 476 1009 
46 7000052 35076 20 20 8 502 911 
47 15143 201 20 20 8 423 963 
48 14411 123 5 10 12 363 939 
49 15246 375 5 10 12 394 897 
50 15376 810 5 10 12 420 900 
51 15346 733 5 10 12 449 933 
52 15377 813 5 10 12 469 1000 
53 7000026 35022 10 10 8 495 1045 
54 15274 561 5 5 8 434 888 
55 15062 144 10 10 8 403 974 
56 15446 1031 10 10 8 436 1148 
57 15488 1125 10 10 8 491 1033 
58 7000029 35028 10 10 8 509 977 
59 15369 792 10 10 8 429 1021 
60 15103 171 10 10 8 454 824 
61 15150 342 35 35 8 378 1030 
62 15539 1343 35 35 8 422 1050 
63 15578 1427 35 35 8 437 1049 
64 15408 941 35 35 8 401 1008 
65 15457 1061 35 35 8 416 1036 
66 7000041 -1 -1 35 8 458 1037 
67 14340 291 50 50 8 377 867 
68 15450 779 50 50 8 406 885 
69 7000053 35082 5 5 8 567 1098 
70 2149 1221 57 57 8 425 1005 
71 10228 54 5 5 8 370 1020 
72 15138 195 5 5 8 401 904 
73 15223 276 5 5 8 430 926 
74 15432 998 5 5 8 492 972 
75 15559 1370 5 5 8 525 975 
76 2040 1170 58 58 8 436 839 
77 15560 1379 58 58 8 471 1042 
78 2023 1164 58 58 8 429 928 
79 2057 1182 58 58 8 447 968 
80 2047 1173 58 58 8 440 970 
81 15615 818 50 50 8 550 1021 
82 7000011 1885 50 50 8 568 908 
83 15476 -1 -1 50 8 432 899 
84 15479 811 50 50 8 448 992 
85 15598 815 50 50 8 485 959 
86 14347 300 50 50 8 393 930 
87 10124 126 5 5 12 381 842 
88 7000066 35112 10 10 8 550 1126 
89 2072 1301 58 58 8 452 984 
90 7000067 -1 -1 58 12 487 855 
91 2006 1147 58 58 8 388 873 
92 2026 1165 58 58 12 399 1041 
93 2022 1161 58 58 8 411 1092 
94 2068 1289 58 58 12 420 994 
95 15277 570 10 54 8 523 962 
96 15414 962 35 35 8 426 973 
97 15076 246 10 10 12 390 834 
98 15486 1116 10 10 8 501 975 
99 2019 1148 58 58 8 405 963 
100 7000054 -1 -1 58 8 471 1042 
101 15562 1385 35 35 8 437 988 
102 15612 1823 57 57 8 533 698 
103 15383 834 20 20 12 448 1111 
104 15460 1070 20 20 8 474 970 
105 15431 995 20 20 8 531 885 
106 15516 1286 20 20 8 476 925 
107 7000063 35103 20 20 8 509 1172 
108 14417 117 20 20 8 369 976 
109 7000042 35055 20 20 12 524 1117 
110 15176 231 20 20 8 436 999 
111 15358 762 20 20 8 459 1095 
112 15606 1496 57 35 12 469 1052 
113 2120 1206 57 35 12 370 1052 
114 7000032 -1 -1 35 8 458 1080 
115 15217 841 35 35 8 386 1001 
116 15526 1246 57 35 12 400 978 
117 7000045 -1 -1 57 8 618 942 
118 15343 725 35 35 8 384 988 
119 15553 1358 35 35 8 437 1228 
120 15017 -1 -1 5 8 381 1074 
121 15392 892 35 35 8 392 1043 
122 15566 1255 57 57 8 474 1030 
123 15582 1442 57 57 8 503 778 
124 15588 1457 57 57 8 518 1018