8
55
68
106
0 2489 5 135.0 
1 2490 10 111.0 
2 2491 20 87.0 
3 2492 35 75.0 
4 2493 50 75.0 
5 2494 54 70.0 
6 2495 57 90.0 
7 2496 58 90.0 
0 925314 104706 278 20 420.00 40.00 
1 937863 101386 2325 35 510.00 1.50 
2 937992 000785 2467 10 630.00 14.00 
3 937866 100878 973 54 840.00 30.00 
4 932747 000785 1675 10 600.00 14.00 
5 936332 104590 0 54 780.00 40.00 
6 936845 100878 2278 10 480.00 28.00 
7 936972 100412 308 58 420.00 2.00 
8 937745 104686 2403 54 450.00 19.00 
9 927634 104706 278 20 690.00 26.50 
10 938262 102167 2477 20 840.00 2.50 
11 938265 102625 2258 57 750.00 2.00 
12 937113 104500 53 20 775.00 57.50 
13 936858 003483 146 20 445.00 141.50 
14 937759 002988 837 57 540.00 16.00 
15 933281 104649 600 10 460.00 92.00 
16 930594 103338 1258 54 415.00 46.00 
17 936483 104649 600 10 460.00 92.00 
18 933284 104649 600 58 460.00 78.00 
19 936100 000785 1199 20 660.00 14.00 
20 938281 100878 2411 57 540.00 1.50 
21 936749 104754 2338 58 420.00 238.00 
22 938158 104683 88 57 480.00 9.00 
23 938287 100263 2478 54 660.00 5.00 
24 935733 103366 2185 58 420.00 12.00 
25 936757 001938 4 57 480.00 28.00 
26 933815 104829 1871 54 480.00 117.00 
27 934715 104891 2029 54 505.00 177.00 
28 937147 104524 1327 58 780.00 21.00 
29 938171 003522 2475 35 780.00 5.00 
30 936511 103062 380 20 480.00 20.00 
31 936768 103910 909 57 420.00 33.00 
32 936131 101843 1475 10 480.00 137.00 
33 934980 104269 235 54 745.00 61.50 
34 937923 070149 273 35 420.00 2.00 
35 927687 104706 278 54 600.00 30.00 
36 938311 104764 2480 20 720.00 3.00 
37 938443 102708 2401 58 900.00 2.50 
38 937548 104557 2434 35 450.00 24.00 
39 938447 103062 2484 54 720.00 8.00 
40 938322 104268 2481 57 630.00 4.00 
41 937684 003522 2454 57 660.00 56.00 
42 936408 103860 2293 10 420.00 2.00 
43 937949 102183 2361 57 690.00 1.50 
44 935137 100878 2103 58 450.00 199.00 
45 938340 104905 2482 57 840.00 5.50 
46 932710 000785 1358 10 840.00 14.00 
47 938344 102929 2483 35 810.00 17.00 
48 937980 104686 2466 20 930.00 3.00 
49 938222 000469 2476 35 600.00 9.00 
50 936432 000164 1201 10 840.00 12.00 
51 936819 104401 438 10 420.00 173.00 
52 937080 103772 115 58 690.00 45.00 
53 931450 003390 170 57 660.00 21.00 
54 938364 104831 129 57 690.00 55.50 
0 0 40.00 50 15 3 
1 1 1.50 45 45 3 
2 2 14.00 35 60 3 
3 3 30.00 25 24 3 
4 4 14.00 28 30 12.47 
5 5 40.00 20 30 8.9 
6 6 8.00 25 20 13.27 
7 6 20.00 25 20 13.27 
8 7 2.00 35 60 3 
9 8 19.00 15 20 3 
10 9 26.50 45 30 6.02 
11 10 2.50 30 45 3 
12 11 2.00 45 45 3 
13 12 56.50 30 25 9.37 
14 12 1.00 30 25 9.37 
15 13 1.00 40 16 11.13 
16 13 10.00 40 16 11.13 
17 13 88.00 40 16 11.13 
18 13 42.50 40 16 11.13 
19 14 16.00 50 30 3 
20 15 92.00 40 40 15.27 
21 16 1.00 35 30 3 
22 16 45.00 35 30 3 
23 17 92.00 40 50 13.03 
24 18 78.00 25 40 3 
25 19 14.00 40 20 3 
26 20 1.50 35 45 3 
27 21 238.00 25 15 3 
28 22 9.00 35 60 3 
29 23 5.00 30 45 3 
30 24 6.00 25 45 3 
31 24 6.00 25 45 3 
32 25 28.00 40 30 3 
33 26 117.00 35 16 3 
34 27 1.00 25 19 9.83 
35 27 176.00 25 19 9.83 
36 28 21.00 30 25 3 
37 29 5.00 28 45 3 
38 30 20.00 40 45 9.73 
39 31 19.00 40 40 3 
40 31 14.00 40 40 3 
41 32 120.00 25 16 8.83 
42 32 17.00 25 16 8.83 
43 33 58.50 24 16 3 
44 33 3.00 24 16 3 
45 34 2.00 28 30 3 
46 35 30.00 40 30 16.52 
47 36 3.00 15 45 3 
48 37 2.50 25 15 3 
49 38 24.00 25 30 3 
50 39 8.00 25 60 3 
51 40 4.00 20 120 3 
52 41 56.00 35 20 3 
53 42 2.00 20 75 2.0 
54 43 1.50 35 45 3 
55 44 199.00 35 12 3 
56 45 5.50 25 30 3 
57 46 14.00 35 18 4.43 
58 47 17.00 50 15 3 
59 48 3.00 25 60 3 
60 49 9.00 35 15 3 
61 50 12.00 40 25 3 
62 51 173.00 40 16 16.83 
63 52 1.00 25 30 3 
64 52 12.00 25 30 3 
65 52 32.00 25 30 3 
66 53 21.00 25 20 3 
67 54 55.50 35 15 3 
0 15070 150 20 20 8 370 892 
1 15107 177 20 20 8 594 870 
2 15161 213 20 20 8 412 983 
3 15245 372 20 20 8 412 949 
4 15358 762 20 20 8 421 1106 
5 15460 1070 20 20 8 449 1020 
6 15516 1286 20 20 8 449 816 
7 7000052 35076 20 20 8 480 1128 
8 15428 992 5 20 8 566 910 
9 15432 998 5 54 8 542 1080 
10 15436 1007 5 54 8 575 1046 
11 15555 -1 -1 54 8 584 1027 
12 15398 912 54 54 8 376 1055 
13 15347 734 5 54 8 523 900 
14 15422 980 5 54 8 550 997 
15 15467 1085 54 54 8 383 1030 
16 15507 1261 54 54 8 412 1066 
17 7000059 35091 54 54 8 449 1163 
18 7000062 35106 54 54 8 477 982 
19 15605 1497 57 57 8 517 1045 
20 15421 -1 -1 57 8 540 915 
21 7000056 -1 -1 57 8 529 923 
22 15423 983 10 10 8 438 910 
23 15112 183 10 10 8 386 924 
24 15515 1283 5 10 8 564 871 
25 15214 273 10 10 8 405 900 
26 7000065 35109 10 10 8 494 927 
27 15383 834 20 10 12 507 961 
28 7000053 35082 5 10 8 563 942 
29 15138 195 5 10 8 507 818 
30 10124 126 5 10 12 474 843 
31 7000066 35112 10 10 8 475 1008 
32 15223 276 5 10 8 507 991 
33 2072 1301 58 58 8 436 959 
34 2057 1182 58 58 8 426 962 
35 2019 1148 58 58 8 375 937 
36 15560 1379 58 58 8 778 990 
37 2047 1173 58 58 8 418 951 
38 2149 1221 57 57 8 431 928 
39 2167 1235 57 57 8 451 823 
40 15550 1254 57 57 8 470 881 
41 15566 1255 57 57 8 479 962 
42 2158 1168 57 57 8 414 924 
43 15392 892 35 57 8 451 990 
44 10228 54 5 54 8 478 1107 
45 15162 216 5 54 8 486 1027 
46 15228 279 5 54 8 506 1024 
47 15401 926 5 54 8 537 938 
48 15435 1004 5 54 8 575 943 
49 15521 1310 5 54 8 590 960 
50 15589 1460 54 54 8 428 1131 
51 15568 1256 57 57 8 490 858 
52 2118 1203 57 57 8 431 907 
53 15539 1343 35 57 8 648 1001 
54 15588 1457 57 57 8 504 968 
55 2026 1165 58 58 12 409 990 
56 700013 -1 -1 58 12 453 901 
57 2023 1164 58 58 8 392 953 
58 2068 1289 58 58 12 444 990 
59 2022 1161 58 58 8 386 963 
60 15451 1052 20 20 8 439 863 
61 15488 1125 10 10 8 540 1037 
62 15377 813 5 10 12 507 943 
63 7000042 35055 20 10 12 536 960 
64 15346 733 5 10 12 550 715 
65 15277 570 10 10 8 422 1037 
66 15438 1013 5 10 8 517 902 
67 15110 180 5 10 8 478 809 
68 15486 1116 10 10 8 438 917 
69 15083 156 10 10 8 388 925 
70 15017 -1 -1 10 8 530 867 
71 15376 810 5 10 12 495 898 
72 15151 207 5 10 8 532 916 
73 15305 625 5 10 8 574 826 
74 7000029 35028 10 10 8 454 944 
75 15369 792 10 10 8 422 845 
76 15607 1499 5 10 8 601 998 
77 15431 995 20 20 8 429 934 
78 15176 231 20 20 8 412 909 
79 2100 1178 57 57 8 421 803 
80 15535 1251 57 57 8 454 946 
81 2001 1152 57 57 12 381 783 
82 2120 1206 57 57 12 506 800 
83 15612 1823 57 57 8 539 823 
84 15062 144 10 10 8 378 757 
85 15173 228 10 10 8 398 990 
86 15580 -1 -1 10 8 549 983 
87 15243 363 20 20 8 412 856 
88 15409 944 20 20 8 421 934 
89 15611 1817 20 20 8 504 768 
90 7000063 35103 20 20 8 501 1158 
91 7000069 35115 20 20 8 514 1149 
92 15213 270 5 20 8 533 875 
93 15274 561 5 20 8 550 870 
94 15405 938 5 20 8 580 926 
95 15343 725 35 35 8 414 946 
96 15217 841 35 35 8 430 923 
97 15457 1061 35 35 8 557 921 
98 15526 1246 57 57 12 617 754 
99 15606 1496 57 57 12 646 761 
100 15582 1442 57 57 8 504 903 
101 15150 342 35 35 8 374 820 
102 15408 941 35 35 8 538 924 
103 15414 962 35 35 8 543 933 
104 15547 1355 35 35 8 574 679 
105 15553 1358 35 35 8 653 753