Drivers:       141
  0    15110 440          -1  1  8  390
  1    15138 450          -1  1  8  400
  2    15151 259          -1  1  8  410
  3    15405 381          -1  1  8  420
  4    15274 379          -1  1  8  425
  5    15228 340          -1  1  8  430
  6    15438 361          -1  1  8  440
  7    15521 098          -1  1  8  455
  8    15607 188          -1  1  8  465
  9    15213 436          -1  1  8  475
 10  7000053 024          -1  1  8  490
 11    15559 025          -1  1  8  505
 12    10228 368          -1  1  8  510
 13    15017 263          -1  1  8  515
 14    15580 029          -1  1  8  520
 15    15223 320          -1  1  8  525
 16    15305 464          -1  1  8  535
 17    15428 362          -1  1  8  540
 18    15515 342          -1  1  8  545
 19    15432 392          -1  1  8  590
 20    15083 460          -1  2  8  360
 21    15103 344          -1  2  8  365
 22    15112 486          -1  2  8  380
 23    15214 319          -1  2  8  390
 24    15369 433          -1  2  8  390
 25    15446 133          -1  2  8  400
 26  7000066 018          -1  2  8  425
 27  7000026 369          -1  2  8  425
 28    15173 311          -1  2  8  430
 29    15486 313          -1  2  8  435
 30  7000065 200          -1  2  8  435
 31    15423 366          -1  2  8  445
 32  7000029 390          -1  2  8  445
 33    15435 388          -1  2  8  465
 34    15436 382          -1  2  8  490
 35    15488 391          -1  2  8  490
 36    15401 461          -1  2  8  525
 37    15422 321          -1  2  8  540
 38    15070 426          -1  4  8  380
 39    15176 350          -1  4  8  425
 40  7000069 189          -1  4  8  435
 41    14417 437          -1  4  8  450
 42    15516 385          -1  4  8  465
 43    15161 097          -1  4  8  470
 44    15243 449          -1  4  8  490
 45    15358 310          -1  4  8  495
 46    15107 367          -1  4  8  495
 47    15460 343          -1  4  8  520
 48    15451 383          -1  4  8  530
 49  7000031 026          -1  4  8  550
 50    15539 155          -1  0  8  360
 51    15547 345          -1  0  8  380
 52    15150 301          -1  0  8  380
 53    15578 037          -1  0  8  395
 54    15343 300          -1  0  8  420
 55  7000032 489          -1  0  8  420
 56    15217 454          -1  0  8  440
 57    15553 096          -1  0  8  455
 58    15392 463          -1  0  8  460
 59    15414 323          -1  0  8  460
 60    15408 455          -1  0  8  460
 61    15457 150          -1  0  8  495
 62    15562 140          -1  0  8  495
 63    15476 378          -1  3  8  355
 64    15479 347          -1  3  8  380
 65  7000011 325          -1  3  8  385
 66  7000045 020|456      -1  3  8  395
 67    14340 482          -1  3  8  415
 68    14347 469          -1  3  8  420
 69  7000038 157          -1  3  8  445
 70  7000018 435          -1  3  8  445
 71    15615 324          -1  3  8  615
 72    15398 462          -1  5  8  380
 73    15467 467          -1  5  8  400
 74    15507 384          -1  5  8  425
 75    15589 156          -1  5  8  435
 76  7000062 035          -1  5  8  435
 77    15245 308          -1  5  8  465
 78    15431 363          -1  5  8  475
 79    15143 370          -1  5  8  480
 80    15611 092          -1  5  8  480
 81  7000052 135          -1  5  8  495
 82  7000063 190          -1  5  8  505
 83    15409 312          -1  5  8  520
 84    15102 349          -1  5  8  565
 85     2158 377          -1  6  8  360
 86     2149 831          -1  6  8  370
 87    15535 470          -1  6  8  380
 88    15566 830          -1  6  8  395
 89    15568 822          -1  6  8  410
 90    15588 828          -1  6  8  420
 91  7000056 143          -1  6  8  420
 92    15582 032          -1  6  8  420
 93    15605 807          -1  6  8  465
 94    15421 866          -1  6  8  500
 95    15560 528          -1  7  8  360
 96  7000054 527          -1  7  8  375
 97     2006 448          -1  7  8  385
 98     2019 294          -1  7  8  395
 99     2022 099          -1  7  8  405
100     2023 548          -1  7  8  410
101     2040 531          -1  7  8  420
102     2047 536          -1  7  8  430
103     2057 529          -1  7  8  450
104     2072 176          -1  7  8  455
105    14411 532          -1  1 12  420
106    15246 296          -1  1 12  445
107    15376 298          -1  1 12  460
108    15377 065          -1  1 12  480
109    15346 524          -1  1 12  485
110    15076 537          -1  2 12  355
111    10124 542          -1  2 12  470
112  7000042 297          -1  2 12  475
113    15383 160          -1  2 12  550
114     2120 836          -1  6 12  380
115    15526 844          -1  6 12  395
116    15606 068          -1  6 12  410
117  7000008 053          -1  6 12  465
118     2001 867          -1  6 12  680
119     2068 468          -1  7 12  370
120     2026 429          -1  7 12  425
121  7000013 476          -1  7 12  465
122        1 704NEPVE     -1  7 12  470
123        1 704NEPVE     -1  7 12  470
124        1 704NEPVE     -1  7 12  470
125        1 704NEPVE     -1  7 12  470
126        1 704NEPVE     -1  7 12  470
127        1 704NEPVE     -1  7 12  470
128        1 704NEPVE     -1  7 12  470
129        1 704NEPVE     -1  7 12  470
130        1 704NEPVE     -1  7 12  470
131        1 704NEPVE     -1  7 12  470
132        1 704NEPVE     -1  7 12  470
133        1 704NEPVE     -1  7 12  470
134        1 704NEPVE     -1  7 12  470
135        1 704NEPVE     -1  7 12  470
136        1 704NEPVE     -1  7 12  470
137        1 704NEPVE     -1  7 12  470
138        1 704NEPVE     -1  7 12  470
139        1 704NEPVE     -1  7 12  470
140  7000067 430          -1  7 12  475
Clients:  114 3350.5
  0 932818 102309 1689  0  540   1.5  1 
  1 933960 101951  128  6  570   1.5  1 
  2 933171 103095 1754  0  630   2.0  1 
  3 933839 081916 1879  0  645   2.0  1 
  4 933846 104741   71  2  780   2.0  1 
  5 933998 000469 1907  0  510   3.0  1 
  6 934219 003390 1946  6  570   3.0  1 
  7 929829 101012 1128  6  720   3.0  1 
  8 932177 104686  594  1  780   3.0  1 
  9 933885 000785 1179  1  840   3.0  1 
 10 933040 102456 1501  6  900   3.0  1 
 11 932379 000785 1610  1 1010   3.0  1 
 12 932489 102183  959  3  750   3.5  1 
 13 931068 003390 1010  5  930   3.5  1 
 14 932252 104908 1578  0  450   4.0  1 
 15 933818 010875  320  0  540   4.0  1 
 16 933879 000785 1179  2  750   4.0  1 
 17 932908 104909 1703  0  885   4.0  1 
 18 933562 103594 1810  0  480   4.5  1 
 19 933514 103754 1800  3  540   4.5  1 
 20 930346 COD    1025  0  600   5.0  1 
 21 929008 104835  248  0  780   5.0  1 
 22 933137 104130 1746  6  450   7.0  1 
 23 933107 000164 1023  0  660   7.0  1 
 24 932649 104686  314  1  660   7.0  1 
 25 933082 101213 1739  6  810   7.0  1 
 26 932726 101012 1668  4  900   7.0  1 
 27 933440 101523  225  1  780   7.5  1 
 28 933385 104486 1786  3  480   8.0  1 
 29 933931 104524 1896  7  600   8.0  1 
 30 929937 104054 1144  5  600   8.0  1 
 31 933811 104054 1870  4  630   8.0  1 
 32 931739 102893 1461  0  810   8.0  1 
 33 934148 104054  186  2  900   8.0  1 
 34 930647 100740  370  5  900   8.0  1 
 35 929285 104747 1022  7  465   8.5  2 
 36 929284 104747 1021  7  420   9.0  2 
 37 933665 104830  681  5  810   9.0  1 
 38 932381 104686 1411  5  780   9.5  1 
 39 932619 104269  235  4  420  10.0  1 
 40 932661 104686   63  1  810  10.0  1 
 41 931123 000785 1133  2  900  10.0  1 
 42 932094 000785 1539  1  840  11.0  1 
 43 933773 104490 1860  0  915  11.5  1 
 44 933720 103987 1851  7  855  12.0  2 
 45 933051 002884 1731  1  870  12.0  2 
 46 933774 104490 1861  0  945  12.0  1 
 47 931149 101951 1364  3  420  12.5  1 
 48 930751 104815   94  2  690  12.5  1 
 49 932367 000785 1607  2  600  14.0  1 
 50 933819 104683  743  3  660  14.0  1 
 51 932468 104313 1625  7  420  14.5  2 
 52 929465 003390  170  4  900  14.5  1 
 53 932067 070149   84  5  660  15.0  2 
 54 933826 103919 1875  6  420  15.5  1 
 55 929685 100009 1101  4  480  15.5  1 
 56 933161 002453 1750  0  540  15.5  1 
 57 932922 104557 1705  0  420  16.0  1 
 58 933467 104696 1793  7  420  16.0  1 
 59 930514 103338 1239  5  600  16.0  1 
 60 932084 104841 1535  7  660  16.0  2 
 61 933370 003428 1782  0  780  16.0  1 
 62 933681 102625   78  2  900  16.0  1 
 63 930624 104686   68  0  450  18.0  1 
 64 929952 104778   57  1  780  18.0  1 
 65 933830 104268 1877  6  450  19.5  1 
 66 932183 104686 1561  5  420  20.0  1 
 67 925161 104706  278  1  450  20.0  1 
 68 934289 070149 1959  5  810  20.0  1 
 69 932034 100579  147  2  645  21.0  1 
 70 932820 103772 1171  2  780  23.0  1 
 71 933715 100211 1849  7  795  23.0  1 
 72 932286 102603  519  0  420  24.0  2 
 73 934278 103762 1957  2  480  24.0  1 
 74 934266 104706  278  1  570  24.0  1 
 75 933522 103987 1802  7  780  25.5  1 
 76 931187 000858  388  3  450  26.5  2 
 77 928744 104484  350  5  750  26.5  1 
 78 927670 104706  278  1  480  28.0  1 
 79 933018 002988 1726  0  660  28.0  1 
 80 932068 070149   84  5  420  29.5  1 
 81 933078 104618 1721  0  780  31.0  1 
 82 932013 102625  153  6  480  32.0  1 
 83 932575 104905  551  0  660  32.0  1 
 84 929087 000241  766  2  750  32.0  1 
 85 932086 103723 1536  3  780  32.0  1 
 86 933305 002082 1520  6  810  33.0  1 
 87 933264 003483  146  4  715  35.0  3 
 88 931921 COD    1502  3  420  38.0  3 
 89 933447 104683   88  6  420  40.0  2 
 90 931540 104764  499  6  600  40.0  1 
 91 933592 104163 1825  7  645  40.0  1 
 92 932477 104637 1626  7  540  41.0  1 
 93 932471 100878  847  4  810  41.0  2 
 94 930547 104649  600  2  450  42.0  1 
 95 931034 102338 1345  7  420  43.5  1 
 96 930182 104401  438  2  780  44.0  1 
 97 932965 003293 1353  0  570  48.0  2 
 98 932841 036960 1691  4  780  48.0  1 
 99 931458 104686 1410  5  450  49.0  1 
100 930540 104649  600  2  450  49.0  1 
101 933605 103723 1080  3  660  52.5  1 
102 932521 102887 1633  6  420  54.0  1 
103 931499 103867 1376  6  660  54.0  1 
104 931456 003483  232  6  540  71.0  2 
105 932859 000785 1698  2  450  75.5  1 
106 931338 104686  140  1  480  80.0  1 
107 932646 103762 1651  2  420  94.0  1 
108 932299 104686 1586  1  420  96.0  1 
109 933184 104831  129  6  600 112.5  3 
110 926396 104892  118  4  480 170.5  2 
111 927744 100878  122  2  420 218.0  2 
112 932584 104842  105  7  450 260.5  2 
113 919611 000749    9  1  450 268.5  1 
Orders:  136  
  0   0   1.5  0  
  1   1   1.5  6  
  2   2   2.0  0  
  3   3   2.0  0  
  4   4   2.0  2  
  5   5   3.0  0  
  6   6   3.0  6  
  7   7   3.0  6  
  8   8   3.0  1  
  9   9   3.0  1  
 10  10   3.0  6  
 11  11   3.0  1  
 12  12   3.5  3  
 13  13   3.5  5  
 14  14   4.0  0  
 15  15   4.0  0  
 16  16   4.0  2  
 17  17   4.0  0  
 18  18   4.5  0  
 19  19   4.5  3  
 20  20   5.0  0  
 21  21   5.0  0  
 22  22   7.0  6  
 23  23   7.0  0  
 24  24   7.0  1  
 25  25   7.0  6  
 26  26   7.0  4  
 27  27   7.5  1  
 28  28   8.0  3  
 29  29   8.0  7  
 30  30   8.0  5  
 31  31   8.0  4  
 32  32   8.0  0  
 33  33   8.0  2  
 34  34   8.0  5  
 35  35   3.0  7  
 36  35   5.5  7  
 37  36   3.0  7  
 38  36   6.0  7  
 39  37   9.0  5  
 40  38   9.5  5  
 41  39  10.0  4  
 42  40  10.0  1  
 43  41  10.0  2  
 44  42  11.0  1  
 45  43  11.5  0  
 46  44   4.0  7  
 47  44   8.0  7  
 48  45   4.0  1  
 49  45   8.0  1  
 50  46  12.0  0  
 51  47  12.5  3  
 52  48  12.5  2  
 53  49  14.0  2  
 54  50  14.0  3  
 55  51   2.5  7  
 56  51  12.0  7  
 57  52  14.5  4  
 58  53   4.0  5  
 59  53  11.0  5  
 60  54  15.5  6  
 61  55  15.5  4  
 62  56  15.5  0  
 63  57  16.0  0  
 64  58  16.0  7  
 65  59  16.0  5  
 66  60   8.0  7  
 67  60   8.0  7  
 68  61  16.0  0  
 69  62  16.0  2  
 70  63  18.0  0  
 71  64  18.0  1  
 72  65  19.5  6  
 73  66  20.0  5  
 74  67  20.0  1  
 75  68  20.0  5  
 76  69  21.0  2  
 77  70  23.0  2  
 78  71  23.0  7  
 79  72  16.0  0  
 80  72   8.0  0  
 81  73  24.0  2  
 82  74  24.0  1  
 83  75  25.5  7  
 84  76   7.5  3  
 85  76  19.0  3  
 86  77  26.5  5  
 87  78  28.0  1  
 88  79  28.0  0  
 89  80  29.5  5  
 90  81  31.0  0  
 91  82  32.0  6  
 92  83  32.0  0  
 93  84  32.0  2  
 94  85  32.0  3  
 95  86  33.0  6  
 96  87   1.0  4  
 97  87  15.0  4  
 98  87  19.0  4  
 99  88   5.0  3  
100  88  20.0  3  
101  88  13.0  3  
102  89  32.0  6  
103  89   8.0  6  
104  90  40.0  6  
105  91  40.0  7  
106  92  41.0  7  
107  93  28.0  4  
108  93  13.0  4  
109  94  42.0  2  
110  95  43.5  7  
111  96  44.0  2  
112  97  32.0  0  
113  97  16.0  0  
114  98  48.0  4  
115  99  49.0  5  
116 100  49.0  2  
117 101  52.5  3  
118 102  54.0  6  
119 103  54.0  6  
120 104  27.0  6  
121 104  44.0  6  
122 105  75.5  2  
123 106  80.0  1  
124 107  94.0  2  
125 108  96.0  1  
126 109  66.0  6  
127 109  18.5  6  
128 109  28.0  6  
129 110  34.5  4  
130 110 136.0  4  
131 111   6.0  2  
132 111 212.0  2  
133 112 244.5  7  
134 112  16.0  7  
135 113 268.5  1  
Plants:   8
 0 2492 35  75 
 1 2489  5 135 
 2 2490 10 111 
 3 2493 50  75 
 4 2491 20  87 
 5 2494 54  70 
 6 2495 57  90 
 7 2496 58  90