8
79
93
120
0 2489 5 135.0 
1 2490 10 111.0 
2 2491 20 87.0 
3 2492 35 75.0 
4 2493 50 75.0 
5 2494 54 70.0 
6 2495 57 90.0 
7 2496 58 90.0 
0 925313 104706 278 54 450.00 40.00 
1 938113 104241 2471 57 450.00 24.00 
2 936451 036960 1691 20 780.00 37.50 
3 934150 002658 1930 50 780.00 32.00 
4 938119 100740 2472 58 420.00 8.00 
5 935177 104842 105 58 450.00 250.00 
6 932746 000785 1674 10 720.00 1.50 
7 936841 102183 959 57 600.00 7.00 
8 937355 036960 768 50 540.00 5.00 
9 937101 002859 1956 58 420.00 5.50 
10 938121 104557 2473 57 870.00 5.50 
11 927632 104706 278 54 660.00 43.00 
12 935313 000785 2126 54 930.00 10.00 
13 936592 001183 2315 10 420.00 2.00 
14 937619 COD 2445 50 420.00 33.00 
15 937495 102625 2258 54 780.00 16.00 
16 936599 104686 2317 20 480.00 67.00 
17 936983 104764 499 20 660.00 43.00 
18 936087 002988 2039 35 570.00 35.00 
19 937369 100211 2419 58 540.00 23.00 
20 937243 104268 2286 50 600.00 30.00 
21 933278 104649 600 10 450.00 56.00 
22 936225 000749 9 10 390.00 546.00 
23 935330 COD 2128 35 660.00 21.00 
24 936481 104649 600 10 450.00 53.00 
25 937123 104222 1583 57 930.00 15.00 
26 935461 070149 364 10 585.00 80.00 
27 937253 COD 2405 35 480.00 5.50 
28 928039 104191 797 20 420.00 20.00 
29 935848 104401 438 10 765.00 5.00 
30 936361 104909 2283 20 450.00 10.50 
31 937635 102625 2446 58 660.00 6.00 
32 934187 104896 295 58 420.00 119.00 
33 936364 104909 2284 57 570.00 6.50 
34 935853 104686 2204 35 900.00 8.00 
35 936619 000469 2319 35 840.00 11.50 
36 937894 003428 39 35 450.00 2.00 
37 937765 102603 1518 35 420.00 1.00 
38 938163 102164 2474 35 540.00 1.00 
39 938170 104649 600 58 570.00 14.00 
40 936892 100878 847 20 780.00 3.00 
41 935997 100373 943 58 750.00 9.50 
42 937917 COD 2463 50 690.00 16.00 
43 937918 COD 2464 50 420.00 18.00 
44 934976 104269 235 57 595.00 107.00 
45 937537 102309 2433 35 840.00 19.00 
46 938305 103820 2479 54 930.00 21.00 
47 938180 104892 118 20 780.00 3.00 
48 927686 104706 278 54 600.00 15.00 
49 938055 002988 2470 57 600.00 43.00 
50 936904 104686 552 35 480.00 4.00 
51 937032 104284 2370 35 450.00 8.00 
52 937034 104284 2372 35 615.00 4.50 
53 938060 104054 1150 20 630.00 3.50 
54 937806 002453 2456 35 480.00 10.00 
55 936399 104831 85 57 480.00 156.00 
56 937680 104486 2452 58 720.00 16.00 
57 937554 COD 2435 57 480.00 31.50 
58 938066 100878 122 10 840.00 14.50 
59 937429 104841 2427 58 420.00 15.00 
60 937174 103444 2393 35 450.00 5.50 
61 937178 104555 1979 35 915.00 12.50 
62 936284 104686 453 57 585.00 111.00 
63 937341 100692 343 50 480.00 8.00 
64 936030 003483 146 54 775.00 56.00 
65 935904 003390 2213 20 870.00 17.50 
66 937315 102893 2411 57 720.00 13.00 
67 936164 104686 1082 20 450.00 177.00 
68 937446 103062 1929 20 630.00 3.00 
69 937321 104830 99 54 840.00 10.50 
70 936939 104919 2040 58 420.00 6.00 
71 934000 104815 94 54 420.00 244.00 
72 937458 COD 1926 50 420.00 3.00 
73 934516 002658 1996 58 810.00 46.00 
74 937589 103352 49 10 840.00 14.00 
75 931447 003390 170 57 870.00 22.50 
76 936184 104804 2248 35 780.00 83.50 
77 938109 104401 438 10 810.00 24.00 
78 932222 103062 1572 20 420.00 56.00 
0 0 40.00 40 15 4.37 
1 1 24.00 65 15 3 
2 2 37.50 12 15 3 
3 3 27.00 37 15 3 
4 3 5.00 37 15 3 
5 4 8.00 30 45 3 
6 5 234.50 22 10 3 
7 5 8.00 22 10 3 
8 5 7.50 22 10 3 
9 6 1.50 30 60 3 
10 7 7.00 32 38 3 
11 8 5.00 25 45 3 
12 9 5.50 45 60 3 
13 10 5.50 40 45 3 
14 11 43.00 40 30 3 
15 12 10.00 15 30 11.83 
16 13 2.00 30 60 3 
17 14 19.00 30 30 3 
18 14 14.00 30 30 3 
19 15 16.00 15 45 3 
20 16 67.00 20 30 12.32 
21 17 14.00 15 40 9.83 
22 17 29.00 15 40 9.83 
23 18 35.00 35 30 3 
24 19 23.00 25 15 3 
25 20 30.00 35 15 3 
26 21 56.00 35 30 5.37 
27 22 546.00 35 8 15.83 
28 23 12.50 35 40 3 
29 23 8.50 35 40 3 
30 24 53.00 35 25 3 
31 25 15.00 30 20 3 
32 26 80.00 30 30 16.03 
33 27 5.50 30 60 3 
34 28 20.00 35 60 3 
35 29 5.00 30 30 3 
36 30 10.50 35 30 3 
37 31 6.00 35 60 3 
38 32 119.00 20 20 3 
39 33 6.50 40 30 3 
40 34 8.00 35 60 3 
41 35 11.50 35 15 3 
42 36 2.00 30 30 3 
43 37 1.00 10 30 3 
44 38 1.00 25 40 3 
45 39 14.00 30 35 3 
46 40 3.00 30 30 3 
47 41 9.50 12 30 3 
48 42 16.00 35 25 3 
49 43 2.00 30 30 3 
50 43 16.00 30 30 3 
51 44 86.50 35 16 3 
52 44 19.00 35 16 3 
53 44 1.50 35 16 3 
54 45 19.00 40 15 3 
55 46 21.00 30 16 12.83 
56 47 3.00 30 60 3 
57 48 15.00 40 30 3 
58 49 43.00 5 20 3 
59 50 4.00 25 60 7.95 
60 51 8.00 25 45 3 
61 52 4.50 25 45 3 
62 53 3.50 35 60 3 
63 54 10.00 30 45 3 
64 55 23.50 25 12 3 
65 55 132.50 25 12 3 
66 56 16.00 15 45 3 
67 57 31.50 35 40 3 
68 58 14.50 40 30 3 
69 59 15.00 25 45 3 
70 60 5.50 35 45 3 
71 61 12.50 25 10 3 
72 62 24.00 35 17 3 
73 62 87.00 35 17 3 
74 63 8.00 15 20 3 
75 64 2.00 20 15 2.5 
76 64 19.50 20 15 2.5 
77 64 34.50 20 15 2.5 
78 65 4.50 35 30 5.5 
79 65 13.00 35 30 5.5 
80 66 13.00 35 40 3 
81 67 177.00 35 14 11.63 
82 68 3.00 30 45 11.65 
83 69 10.50 35 20 3 
84 70 6.00 35 40 3 
85 71 244.00 35 16 9.43 
86 72 3.00 40 30 3 
87 73 46.00 30 20 3 
88 74 14.00 25 20 4.23 
89 75 22.50 25 30 3 
90 76 83.50 20 15 3 
91 77 24.00 30 30 5.33 
92 78 56.00 35 30 8.4 
0 15507 1261 54 54 8 396 866 
1 7000059 35091 54 54 8 417 1141 
2 15110 180 5 54 8 436 858 
3 15223 276 5 54 8 472 1040 
4 15405 938 5 54 8 497 962 
5 15542 1346 5 54 8 514 1062 
6 15559 1370 5 54 8 524 1063 
7 15436 1007 5 54 8 495 1051 
8 15467 1085 54 54 8 391 1080 
9 7000062 35106 54 54 8 379 945 
10 15070 150 20 20 8 378 970 
11 15017 -1 -1 54 8 423 1017 
12 15383 834 20 10 12 376 1060 
13 15161 213 20 20 8 434 980 
14 15535 1251 57 57 8 495 982 
15 15612 1823 57 57 8 545 1039 
16 7000056 -1 -1 57 8 565 1039 
17 15143 201 20 20 8 408 929 
18 15358 762 20 20 8 439 989 
19 15516 1286 20 20 8 489 1029 
20 7000052 35076 20 20 8 512 1016 
21 7000069 35115 20 20 8 514 1018 
22 15431 995 20 20 8 454 783 
23 15369 792 10 10 8 406 1095 
24 15488 1125 10 10 8 496 1178 
25 15162 216 5 10 8 441 1047 
26 15228 279 5 10 8 468 980 
27 15428 992 5 10 8 506 979 
28 15486 1116 10 10 8 377 889 
29 15277 570 10 10 8 405 802 
30 15589 1460 54 54 8 405 910 
31 15138 195 5 54 8 439 876 
32 15151 207 5 54 8 454 966 
33 15274 561 5 54 8 486 1008 
34 15555 -1 -1 54 8 497 1027 
35 15580 -1 -1 54 8 529 1153 
36 15607 1499 5 54 8 544 1161 
37 7000053 35082 5 54 8 552 1102 
38 15422 980 5 54 8 697 1166 
39 15598 815 50 50 8 402 875 
40 14340 291 50 50 8 370 889 
41 14347 300 50 50 8 483 938 
42 15615 818 50 50 8 428 959 
43 7000045 -1 -1 50 8 456 1041 
44 2057 1182 58 58 8 403 963 
45 2068 1289 58 58 12 435 916 
46 2022 1161 58 58 8 437 938 
47 2026 1165 58 58 12 454 950 
48 2040 1170 58 58 8 387 793 
49 15560 1379 58 58 8 422 963 
50 700013 -1 -1 58 12 430 995 
51 15421 -1 -1 57 8 550 1073 
52 2167 1235 57 57 8 460 710 
53 15568 1256 57 57 8 507 988 
54 2158 1168 57 57 8 431 1039 
55 2149 1221 57 57 8 449 981 
56 15588 1457 57 57 8 517 1052 
57 15605 1497 57 57 8 531 981 
58 2072 1301 58 58 8 443 902 
59 2019 1148 58 58 8 395 926 
60 2047 1173 58 58 8 400 866 
61 2023 1164 58 58 8 373 918 
62 15217 841 35 35 8 401 821 
63 15578 1427 35 35 8 533 847 
64 15515 1283 5 10 8 697 954 
65 15521 1310 5 10 8 518 1062 
66 15401 926 5 10 8 507 1052 
67 7000029 35028 10 10 8 396 1062 
68 15539 1343 35 35 8 453 1052 
69 15451 1052 20 20 8 458 934 
70 15243 363 20 20 8 534 1060 
71 15562 1385 35 35 8 517 1023 
72 15614 1829 35 35 8 577 975 
73 15245 372 20 20 8 422 802 
74 15176 231 20 20 8 441 938 
75 15460 1070 20 20 8 467 1010 
76 15611 1817 20 20 8 491 916 
77 7000063 35103 20 20 8 523 1090 
78 15107 177 20 20 8 407 969 
79 15414 962 35 35 8 424 950 
80 15547 1355 35 35 8 473 958 
81 15553 1358 35 35 8 503 904 
82 15343 725 35 35 8 391 914 
83 15392 892 35 35 8 404 942 
84 15076 246 10 10 12 341 926 
85 15062 144 10 10 8 347 960 
86 15083 156 10 10 8 354 921 
87 15112 183 10 10 8 368 862 
88 15214 273 10 10 8 359 867 
89 7000065 35109 10 10 8 405 1072 
90 15173 228 10 10 8 385 726 
91 7000066 35112 10 10 8 426 1092 
92 14411 123 5 10 12 418 945 
93 10124 126 5 10 12 439 932 
94 15376 810 5 10 12 459 990 
95 15346 733 5 10 12 472 1017 
96 15377 813 5 10 12 478 1023 
97 15435 1004 5 10 8 509 1054 
98 15246 375 5 10 12 439 961 
99 15305 625 5 10 8 491 1002 
100 15213 270 5 10 8 461 985 
101 15150 342 35 35 8 386 904 
102 15408 941 35 35 8 563 1022 
103 7000032 -1 -1 35 8 577 1023 
104 7000041 -1 -1 35 8 601 937 
105 15457 1061 35 35 8 438 873 
106 2120 1206 57 57 12 384 921 
107 7000008 1841 57 57 12 547 1039 
108 2001 1152 57 57 12 372 988 
109 15606 1496 57 57 12 522 973 
110 15409 944 20 20 8 451 913 
111 2100 1178 57 57 8 439 794 
112 15526 1246 57 57 12 482 921 
113 15550 1254 57 57 8 500 869 
114 7000042 35055 20 20 12 496 982 
115 15577 1424 35 35 8 520 984 
116 7000018 -1 -1 50 8 407 755 
117 15450 779 50 50 8 372 746 
118 7000038 35046 50 50 8 454 767 
119 15476 -1 -1 50 8 378 642