Drivers:       142
  0    15083 460          -1  2  8  360
  1    15103 344          -1  2  8  360
  2    15173 311          -1  2  8  360
  3    15369 433          -1  2  8  420
  4        1 710NEPVE     -1  2  8  480
  5    15423 366          -1  2  8  420
  6  7000066 018          -1  2  8  540
  7    15486 313          -1  2  8  420
  8  7000029 369          -1  2  8  480
  9    15112 486          -1  2  8  360
 10        1 711NEPVE     -1  2  8  480
 11  7000065 200          -1  2  8  420
 12        1 103VAIL      -1  2  8  540
 13    15161 331          -1  4  8  420
 14    15409 312          -1  4  8  480
 15    15457 150          -1  0  8  360
 16    15547 149          -1  0  8  420
 17    15553 096          -1  0  8  540
 18    15431 363          -1  4  8  480
 19    15243 449          -1  4  8  420
 20    15611 385          -1  4  8  480
 21    14417 437          -1  4  8  360
 22  7000069 092          -1  4  8  540
 23  7000052 308          -1  4  8  480
 24    15143 370          -1  4  8  420
 25    15176 350          -1  4  8  420
 26    15070 426          -1  4  8  360
 27    15107 367          -1  4  8  420
 28    15488 391          -1  2  8  420
 29    15277 158          -1  2  8  420
 30    15555 440          -1  1  8  480
 31    15162 387          -1  1  8  360
 32    15612 470          -1  6  8  420
 33  7000031 026          -1  4  8  480
 34    15535 832          -1  6  8  360
 35    15542 521          -1  1  8  480
 36    15521 098          -1  1  8  480
 37    15607 188          -1  1  8  600
 38  7000030 010          -1  1  8  600
 39  7000063 190          -1  4  8  480
 40    10228 368          -1  1  8  360
 41    15414 489          -1  0  8  360
 42    15562 140          -1  0  8  420
 43  7000054 527          -1  7  8  600
 44        1 5018JDMI     -1  7  8  420
 45    15217 454          -1  0  8  360
 46    15459 390          -1  2  8  420
 47    15539 155          -1  0  8  420
 48    15408 455          -1  0  8  360
 49  7000032 246          -1  0  8  420
 50    15392 463          -1  0  8  360
 51  7000041 185          -1  0  8  480
 52    15150 301          -1  0  8  360
 53    15578 037          -1  0  8  420
 54    15614 138          -1  0  8  420
 55        1 104_VAIL     -1  7  8  420
 56     2006 448          -1  7  8  360
 57     2023 548          -1  7  8  360
 58     2040 531          -1  7  8  360
 59     2047 536          -1  7  8  360
 60    15560 528          -1  7  8  420
 61        1 77BLAIN      -1  7  8  420
 62     2019 294          -1  7  8  360
 63        1 301_VAIL     -1  7  8  420
 64        1 35BLAIN      -1  7  8  480
 65     2167 866          -1  6  8  420
 66    15566 830          -1  6  8  420
 67    15550 834          -1  6  8  420
 68  7000056 826          -1  6  8  480
 69    15102 349          -1  5  8  360
 70    15398 462          -1  5  8  360
 71    15507 384          -1  5  8  420
 72    15401 028          -1  5  8  480
 73    15428 362          -1  5  8  480
 74    15558 314          -1  5  8  540
 75    15451 383          -1  4  8  480
 76    15589 156          -1  5  8  420
 77        1 705NEPVE     -1  2  8  540
 78    15017 263          -1  1  8  360
 79    15274 379          -1  1  8  360
 80    15422 321          -1  1  8  420
 81    15515 315          -1  1  8  480
 82    15479 347          -1  3  8  360
 83    15476 378          -1  3  8  360
 84    15615 324          -1  3  8  360
 85    15598 434          -1  3  8  360
 86  7000011 020          -1  3  8  420
 87  7000018 435          -1  3  8  420
 88  7000038 157          -1  3  8  420
 89  7000045 456          -1  3  8  420
 90    14347 469          -1  3  8  360
 91    15213 249          -1  1  8  360
 92    15151 259          -1  1  8  360
 93    15228 340          -1  1  8  360
 94    15405 381          -1  1  8  420
 95    15432 392          -1  1  8  420
 96    15435 388          -1  1  8  420
 97    15436 382          -1  1  8  420
 98  7000053 024          -1  1  8  600
 99    15580 029          -1  1  8  600
100    15438 361          -1  1  8  420
101     2072 526          -1  7  8  420
102     2022 099          -1  7  8  360
103     2158 377          -1  6  8  360
104    15347 307          -1  5  8  480
105    15223 320          -1  5  8  420
106    15421 820          -1  6  8  480
107    15588 828          -1  6  8  420
108        1 704NEPVE     -1  6  8  480
109     2149 831          -1  6  8  360
110  7000059 019          -1  5  8  420
111    15467 467          -1  5  8  420
112    15305 464          -1  5  8  420
113    15446 389          -1  5  8  540
114  7000062 035          -1  5  8  420
115    15605 822          -1  6  8  420
116      999 LV999        -1  1  8  360
117      999 B999         -1  7  8  600
118        1 6401_BEL     -1  2 12  480
119        1 6406_BEL     -1  2 12  480
120    15377 065          -1  1 12  480
121    14411 532          -1  1 12  360
122    10124 542          -1  1 12  420
123    15246 296          -1  1 12  420
124    15346 524          -1  1 12  420
125    15376 298          -1  1 12  420
126  7000067 430          -1  7 12  480
127    15076 537          -1  2 12  420
128    15383 160          -1  2 12  480
129  7000042 297          -1  2 12  480
130        1 6405BEL      -1  2 12  540
131        1 6407BEL      -1  2 12  540
132     2068 468          -1  7 12  420
133     2026 476          -1  7 12  360
134  7000008 053          -1  6 12  420
135        1 708NEPVE     -1  6 12  480
136     2120 836          -1  6 12  360
137        1 706NEPVE     -1  6 12  480
138        1 718_NEPV     -1  6 12  540
139  7000013 478          -1  7 12  420
140     2001 867          -1  6 12  360
141        1 215_MD       -1  6 12  480
Clients:  90 4181.0
  0 928995 104783  970  7  990   1.0  1 
  1 927427 104442  686  2  900   3.0  1 
  2 928376 094000  867  1  600   3.0  1 
  3 929009 002793    1  1  810   3.0  1 
  4 927900 023020  769  4  420   3.5  1 
  5 928899 104854  132  5  540   3.5  1 
  6 923826 100650  152  4  900   4.0  1 
  7 924832 104835  248  0  900   4.0  1 
  8 925638 002884  332  2  900   4.0  1 
  9 926333 000857  462  4  900   4.0  1 
 10 928069 102183  810  3  840   4.5  1 
 11 929324 104268  446  3  900   5.0  1 
 12 929074 102750  980  6  840   6.0  1 
 13 929135 103722  439  6  660   6.0  1 
 14 923629 103338  133  4  420   6.5  1 
 15 926426 002860  486  1  480   6.5  1 
 16 927269 104904  649  7  780   8.0  1 
 17 929288 000164 1023  0  900   8.0  1 
 18 927806 102929  759  6  900  12.0  1 
 19 928998 104815   94  2  810  13.0  1 
 20 929378 103751  786  0  900  13.0  1 
 21 928058 104747  806  7  870  14.5  1 
 22 928681 104490  915  0  780  15.0  1 
 23 921882 001460   50  4  480  16.0  2 
 24 927345 102893  661  0  720  16.0  1 
 25 928068 103489  587  3  420  16.0  1 
 26 928261 104590  845  5  480  16.0  1 
 27 929097 104874  991  4  870  16.0  1 
 28 927283 103723  652  3  780  19.5  1 
 29 926718 010875   62  6  720  20.0  1 
 30 927361 104553  666  7  420  21.5  1 
 31 924030 003390  169  4  900  25.5  1 
 32 924824 003155  249  7  930  26.0  1 
 33 923731 002195    5  1  870  32.0  1 
 34 925903 104900  377  5  870  32.0  1 
 35 928303 103987  852  7  930   6.0  1 
 36 928839 103987  938  7  960  27.0  1 
 37 927084 104486  615  6  480  36.0  1 
 38 926882 100373  470  7  720  38.0  1 
 39 927517 101247  705  6  660  42.0  1 
 40 926634 COD  322  6  420  20.5  2 
 41 927805 COD  758  3  750  19.0  1 
 42 928441 COD  877  6  660   3.5  1 
 43 929329 COD 1031  3  795   2.0  1 
 44 926547 102164  512  5  780  21.5  1 
 45 926548 102164  513  3  780  24.0  1 
 46 925395 003483  146  4  535  49.0  3 
 47 926086 104842  105  7  570  50.0  1 
 48 926305 100564  458  0  780  55.5  1 
 49 925799 104574  301  2  450  64.0  1 
 50 928417 102839  872  0  870  69.5  1 
 51 924317 000785  200  1  570   5.0  1 
 52 924605 000785  234  0  900  13.0  1 
 53 926123 000785  418  5  930   3.5  1 
 54 927423 000785  685  5  840  24.0  1 
 55 927447 000785  693  5  900  21.0  1 
 56 927991 000785  791  5  870   4.0  1 
 57 923021 104830   99  2  660  71.5  2 
 58 928649 104222   92  6  780  82.0  2 
 59 922669 104269   79  4  595  96.0  3 
 60 925835 070149  359  2  420  92.0  2 
 61 927842 070149   84  4  750  11.0  1 
 62 927736 104683   88  6  420 105.0  1 
 63 925134 104706  278  5  450  39.0  1 
 64 925340 104706  278  1  780  39.0  1 
 65 927653 104706  278  1  480  41.0  1 
 66 929030 104706  278  1  780   4.0  1 
 67 929031 104706  278  1  840   9.0  1 
 68 920240 103762   23  2  420 145.0  2 
 69 923389 104054   33  6  480  37.0  4 
 70 927124 104054  628  5  480 152.0  1 
 71 922108 104686   56  0  570  18.5  1 
 72 926280 104686  221  1  750  32.0  1 
 73 926811 104686  140  1  660  51.0  2 
 74 926973 104686   56  0  750   7.5  1 
 75 927067 104686  610  1  540  12.0  1 
 76 927079 104686  613  1  600  45.0  1 
 77 927233 104686  643  5  660   6.0  1 
 78 927851 104686  643  5  630  24.0  1 
 79 927258 103970  647  7  780 198.0  1 
 80 926049 036960  402  3  420 167.0  1 
 81 927898 036960  768  3  720  32.0  1 
 82 923371 100878  122  1  420 207.5  2 
 83 924962 103352  258  2  480 213.5  2 
 84 924998 104256  126  7  405 240.5  2 
 85 926562 104896  295  1  420 250.0  1 
 86 924977 104284  259  0  420 261.5  3 
 87 926467 104284  495  0  420  25.0  2 
 88 925094 102625  275  6  450 146.0  1 
 89 926138 102625  425  1  415 315.0  2 
Orders:  111  
  0   0   1.0 
  1   1   3.0 
  2   2   3.0 
  3   3   3.0 
  4   4   3.5 
  5   5   3.5 
  6   6   4.0 
  7   7   4.0 
  8   8   4.0 
  9   9   4.0 
 10  10   4.5 
 11  11   5.0 
 12  12   6.0 
 13  13   6.0 
 14  14   6.5 
 15  15   6.5 
 16  16   8.0 
 17  17   8.0 
 18  18  12.0 
 19  19  13.0 
 20  20  13.0 
 21  21  14.5 
 22  22  15.0 
 23  23   8.0 
 24  23   8.0 
 25  24  16.0 
 26  25  16.0 
 27  26  16.0 
 28  27  16.0 
 29  28  19.5 
 30  29  20.0 
 31  30  21.5 
 32  31  25.5 
 33  32  26.0 
 34  33  32.0 
 35  34  32.0 
 36  35   6.0 
 37  36  27.0 
 38  37  36.0 
 39  38  38.0 
 40  39  42.0 
 41  40   4.5 
 42  40  16.0 
 43  41  19.0 
 44  42   3.5 
 45  43   2.0 
 46  44  21.5 
 47  45  24.0 
 48  46   1.0 
 49  46  18.0 
 50  46  30.0 
 51  47  50.0 
 52  48  55.5 
 53  49  64.0 
 54  50  69.5 
 55  51   5.0 
 56  52  13.0 
 57  53   3.5 
 58  54  24.0 
 59  55  21.0 
 60  56   4.0 
 61  57  23.5 
 62  57  48.0 
 63  58  16.0 
 64  58  66.0 
 65  59   1.0 
 66  59  19.0 
 67  59  76.0 
 68  60  28.0 
 69  60  64.0 
 70  61  11.0 
 71  62 105.0 
 72  63  39.0 
 73  64  39.0 
 74  65  41.0 
 75  66   4.0 
 76  67   9.0 
 77  68   3.0 
 78  68 142.0 
 79  69   4.5 
 80  69   7.0 
 81  69  10.0 
 82  69  15.5 
 83  70 152.0 
 84  71  18.5 
 85  72  32.0 
 86  73  24.0 
 87  73  27.0 
 88  74   7.5 
 89  75  12.0 
 90  76  45.0 
 91  77   6.0 
 92  78  24.0 
 93  79 198.0 
 94  80 167.0 
 95  81  32.0 
 96  82  11.5 
 97  82 196.0 
 98  83  22.0 
 99  83 191.5 
100  84  12.0 
101  84 228.5 
102  85 250.0 
103  86   1.0 
104  86  13.0 
105  86 247.5 
106  87  11.0 
107  87  14.0 
108  88 146.0 
109  89   1.0 
110  89 314.0 
Plants:   8
 0 2492 35  75 
 1 2489  5 135 
 2 2490 10 111 
 3 2493 50  75 
 4 2491 20  87 
 5 2494 54  70 
 6 2495 57  90 
 7 2496 58  90