8
6
11
18
0 2489 5 135.0 
1 2490 10 111.0 
2 2491 20 87.0 
3 2492 35 75.0 
4 2493 50 75.0 
5 2494 54 70.0 
6 2495 57 90.0 
7 2496 58 90.0 
0 934626 000785 2020 5 510.00 7.00 
1 933193 003483 146 54 445.00 116.00 
2 933741 104970 47 54 510.00 81.00 
3 934034 000857 1912 54 720.00 5.50 
4 934104 104686 1586 5 480.00 78.00 
5 934236 104970 47 54 480.00 46.00 
0 0 7.00 30 60 3 
1 1 1.00 15 20 31.12 
2 1 10.50 15 20 31.12 
3 1 104.50 15 20 31.12 
4 2 13.00 18 30 7.58 
5 2 14.00 18 30 7.58 
6 2 47.00 18 30 7.58 
7 2 7.00 18 30 7.58 
8 3 5.50 15 60 3.48 
9 4 78.00 30 25 10.2 
10 5 46.00 18 30 6.9 
0 7000031 35037 20 54 8 423 857 
1 15467 1085 54 54 8 433 914 
2 15431 995 20 54 8 454 986 
3 7000063 35103 20 54 8 474 1042 
4 15369 792 10 54 8 496 761 
5 15488 1125 10 54 8 526 828 
6 14347 300 50 54 8 531 778 
7 7000011 1885 50 54 8 535 778 
8 15107 177 20 54 8 449 780 
9 15562 1385 35 54 8 537 831 
10 15243 363 20 54 8 482 780 
11 7000059 35091 54 54 8 510 755 
12 7000066 35112 10 54 8 488 907 
13 15305 625 5 5 8 437 902 
14 15213 270 5 5 8 510 810 
15 15607 1499 5 5 8 498 918 
16 7000029 35028 10 5 8 580 946 
17 15346 733 5 5 12 462 879