Drivers:       139
  0    10228 368          -1  1  8  370
  1    15017 263          -1  1  8  390
  2    15110 440          -1  1  8  400
  3    15151 259          -1  1  8  410
  4    15213 249          -1  1  8  425
  5    15401 461          -1  1  8  450
  6    15405 381          -1  1  8  480
  7    15435 388          -1  1  8  480
  8    15347 307          -1  1  8  485
  9    15515 342          -1  1  8  485
 10    15521 098          -1  1  8  495
 11    15438 361          -1  1  8  505
 12    15162 450          -1  1  8  515
 13    15305 464          -1  1  8  535
 14    15062 490          -1  2  8  390
 15    15083 460          -1  2  8  415
 16    15112 486          -1  2  8  420
 17    15369 433          -1  2  8  435
 18    15173 386          -1  2  8  435
 19    15423 366          -1  2  8  445
 20    15446 389          -1  2  8  450
 21    15488 391          -1  2  8  465
 22    15486 313          -1  2  8  475
 23    15277 158          -1  2  8  475
 24  7000026 369          -1  2  8  480
 25  7000029 314          -1  2  8  485
 26  7000065 200          -1  2  8  495
 27  7000066 018          -1  2  8  495
 28    14417 437          -1  4  8  375
 29    15070 426          -1  4  8  390
 30    15143 370          -1  4  8  440
 31    15107 367          -1  4  8  460
 32    15243 449          -1  4  8  495
 33    15245 308          -1  4  8  500
 34    15358 310          -1  4  8  530
 35    15409 312          -1  4  8  540
 36    15451 383          -1  4  8  565
 37    15431 363          -1  4  8  565
 38    15460 364          -1  4  8  575
 39    15611 097          -1  4  8  595
 40    15516 385          -1  4  8  600
 41  7000069 189          -1  4  8  620
 42  7000052 135          -1  4  8  620
 43  7000063 190          -1  4  8  645
 44    15150 301          -1  0  8  370
 45    15217 454          -1  0  8  380
 46    15343 300          -1  0  8  380
 47    15392 463          -1  0  8  415
 48    15408 455          -1  0  8  420
 49    15414 323          -1  0  8  475
 50    15457 150          -1  0  8  475
 51    15539 489          -1  0  8  490
 52    15562 140          -1  0  8  495
 53    15577 088          -1  0  8  495
 54    15614 138          -1  0  8  510
 55  7000032 246          -1  0  8  545
 56    15578 037          -1  0  8  545
 57  7000041 185          -1  0  8  550
 58    15553 345          -1  0  8  605
 59    14340 482          -1  3  8  360
 60    14347 435          -1  3  8  370
 61    15450 346          -1  3  8  385
 62    15479 347          -1  3  8  420
 63    15598 434          -1  3  8  425
 64    15615 324          -1  3  8  435
 65  7000011 325          -1  3  8  445
 66  7000038 157          -1  3  8  455
 67  7000045 142          -1  3  8  465
 68    15398 462          -1  5  8  440
 69    15467 467          -1  5  8  440
 70    15507 384          -1  5  8  455
 71    15589 156          -1  5  8  460
 72  7000059 019          -1  5  8  465
 73  7000062 035          -1  5  8  475
 74    15223 320          -1  5  8  485
 75    15161 331          -1  5  8  495
 76    15432 392          -1  5  8  510
 77    15559 028          -1  5  8  520
 78    15542 521          -1  5  8  525
 79    15176 350          -1  5  8  530
 80    15580 029          -1  5  8  530
 81    15607 188          -1  5  8  540
 82    15555 436          -1  5  8  560
 83    15436 321          -1  5  8  560
 84  7000053 024          -1  5  8  560
 85     2158 377          -1  6  8  390
 86     2149 831          -1  6  8  395
 87    15476 378          -1  6  8  400
 88     2167 866          -1  6  8  410
 89    15568 822          -1  6  8  415
 90    15566 830          -1  6  8  415
 91    15535 832          -1  6  8  415
 92    15550 834          -1  6  8  420
 93    15582 032          -1  6  8  450
 94    15612 371          -1  6  8  465
 95    15605 807          -1  6  8  465
 96    15421 820          -1  6  8  490
 97  7000056 143          -1  6  8  495
 98     2006 448          -1  7  8  350
 99     2019 294          -1  7  8  390
100     2022 099          -1  7  8  400
101     2023 548          -1  7  8  405
102     2047 536          -1  7  8  430
103     2057 529          -1  7  8  440
104     2040 531          -1  7  8  445
105     2072 176          -1  7  8  455
106    15560 528          -1  7  8  460
107    14411 532          -1  1 12  385
108    15376 298          -1  1 12  405
109    15246 296          -1  1 12  440
110    10124 052          -1  1 12  455
111    15377 295          -1  1 12  520
112    15346 524          -1  1 12  530
113    15076 537          -1  2 12  400
114        1 7315IMP      -1  2 12  480
115        1 7315IMP      -1  2 12  480
116        1 7315IMP      -1  2 12  480
117        1 7315IMP      -1  2 12  480
118        1 7315IMP      -1  2 12  480
119        1 7315IMP      -1  2 12  480
120        1 7315IMP      -1  2 12  480
121        1 7315IMP      -1  2 12  480
122        1 7315IMP      -1  2 12  480
123        1 7315IMP      -1  2 12  480
124        1 7315IMP      -1  2 12  480
125        1 7315IMP      -1  2 12  480
126        1 7315IMP      -1  2 12  480
127        1 7315IMP      -1  2 12  480
128        1 7315IMP      -1  2 12  480
129        1 7315IMP      -1  2 12  480
130    15383 160          -1  2 12  500
131     2001 867          -1  6 12  450
132     2120 836          -1  6 12  450
133    15526 844          -1  6 12  465
134    15606 068|835      -1  6 12  475
135  7000008 053          -1  6 12  490
136     2026 429          -1  7 12  420
137     2068 468          -1  7 12  450
138   700013 478          -1  7 12  470
Clients:  98 3541.0
  0 936368 103754 2285  3  600   1.0  1 
  1 936541 102625   78  2  660   1.0  1 
  2 936419 102167 2297  3  870   1.0  1 
  3 934776 104909 2044  6  450   1.5  1 
  4 934045 102183  959  3  870   1.5  1 
  5 935332 104154 2129  6  600   2.0  1 
  6 936273 101066 2267  5  900   2.0  1 
  7 935303 103631 1300  0  720   2.5  1 
  8 935965 104686   56  0  420   3.0  1 
  9 932784 000785 1678  2  630   3.0  1 
 10 936546 104892  118  5  660   3.0  1 
 11 932785 000785 1675  1  840   3.0  1 
 12 932701 000785 1478  2  900   3.0  1 
 13 935947 104900  377  1  480   3.5  1 
 14 936386 102167 2290  6  840   3.5  1 
 15 936314 103762 2276  4  540   4.0  1 
 16 936690 104222 1583  6  870   4.0  1 
 17 936214 103820 2259  6  480   4.5  1 
 18 936309 023020 2275  4  690   4.5  1 
 19 935788 104222 2194  6  480   5.0  1 
 20 936391 001460 2291  4  480   5.0  1 
 21 936125 104909 2242  6  780   5.0  1 
 22 933950 101429 1899  4  420   6.0  1 
 23 936287 025460 2269  1  420   6.0  1 
 24 934029 000857 1113  4  840   6.0  1 
 25 936392 000469 2292  0  765   6.5  1 
 26 935305 000785 2122  4  900   6.5  1 
 27 934227 102309 1234  0  450   7.0  1 
 28 934986 104678  432  6  480   7.0  1 
 29 935675 104686  179  4  540   7.0  1 
 30 935819 023155 2200  3  960   7.0  1 
 31 936425 104054  224  5  660   7.5  1 
 32 935405 104830  681  2  840   7.5  1 
 33 935838 003390 2203  6  900   7.5  1 
 34 934743 002133 2039  0  540   8.0  1 
 35 935294 000785  281  5  585   8.0  1 
 36 935919 104683   88  3  660   8.0  1 
 37 935340 000785 2059  1  840   8.0  1 
 38 934220 104313 1947  7  855  10.0  1 
 39 936136 100878  847  4  840  11.5  2 
 40 935917 104683   88  3  480  12.0  1 
 41 934989 103928 2080  0  540  12.0  1 
 42 934920 102455 2070  0  630  13.0  1 
 43 935059 023155 2094  4  600  14.0  1 
 44 932453 104484  350  4  570  15.0  1 
 45 934605 104746  256  5  600  15.0  1 
 46 934283 101501  634  1  600  16.0  1 
 47 935680 102167 1770  6  780  16.0  1 
 48 936353 104815   94  5  780  16.0  1 
 49 935770 104490 2193  0  840  16.0  1 
 50 935851 104686 1073  1  900  16.0  1 
 51 934409 104686   68  0  540  18.0  1 
 52 932912 104686  829  0  720  19.0  1 
 53 935784 103289 1886  2  630  19.5  1 
 54 929746 002695 1117  4  450  21.0  2 
 55 935642 103976 1186  7  420  22.5  1 
 56 935536 102603  519  0  420  24.0  1 
 57 935802 002453 2197  0  600  24.0  1 
 58 936235 104268 2265  4  630  24.0  1 
 59 934257 104401  438  2  690  24.0  1 
 60 936404 104831   85  6  750  24.0  1 
 61 936630 100229 2019  6  810  24.0  1 
 62 934740 003390 1006  4  840  24.0  1 
 63 934218 104313 1943  7  780  25.0  1 
 64 927679 104706  278  1  600  28.0  1 
 65 928994 101951  128  4  660  28.5  1 
 66 935756 102309 2068  0  840  31.0  1 
 67 934903 101012 2065  0  840  31.0  1 
 68 934886 103726 1998  7  840  31.5  1 
 69 933637 104590    0  5  780  37.0  1 
 70 933564 070149  273  0  570  39.0  1 
 71 925171 104706  278  1  450  40.0  1 
 72 934725 101127 2034  0  750  40.0  1 
 73 933768 104778   57  1  780  44.0  1 
 74 929459 003390  170  3  870  45.0  1 
 75 934925 100373  943  7  660  47.0  2 
 76 935430 102929 2148  6  840  51.0  1 
 77 932655 103762 1659  1  420  56.0  1 
 78 934641 104686  140  1  600  56.0  1 
 79 935113 104970   47  5  780  57.5  1 
 80 932219 103062 1570  4  600  64.0  1 
 81 935342 000960 2131  3  420  67.5  1 
 82 932891 070149  364  2  660  72.0  1 
 83 932534 103489 1636  3  600  77.0  1 
 84 931830 104054  224  5  480  78.0  1 
 85 934749 104704  349  7  450  80.0  1 
 86 925371 104706  278  5  660  81.5  1 
 87 935604 104741   71  2  480  94.5  2 
 88 933249 104649  600  2  450  95.0  1 
 89 934975 104269  235  4  655  98.0  3 
 90 932393 104686   59  5  480 113.0  1 
 91 933256 104649  600  7  450 127.0  1 
 92 933808 102625  153  6  450 163.0  1 
 93 935028 103352  690  2  540 164.5  1 
 94 934040 104493   46  2  450 187.5  3 
 95 935143 104842  105  7  450 204.0  1 
 96 935135 100878  122  1  420 219.0  3 
 97 933492 104764  573  6  480 237.5  1 
Orders:  108  
  0   0   1.0  3  
  1   1   1.0  2  
  2   2   1.0  3  
  3   3   1.5  6  
  4   4   1.5  3  
  5   5   2.0  6  
  6   6   2.0  5  
  7   7   2.5  0  
  8   8   3.0  0  
  9   9   3.0  2  
 10  10   3.0  5  
 11  11   3.0  1  
 12  12   3.0  2  
 13  13   3.5  1  
 14  14   3.5  6  
 15  15   4.0  4  
 16  16   4.0  6  
 17  17   4.5  6  
 18  18   4.5  4  
 19  19   5.0  6  
 20  20   5.0  4  
 21  21   5.0  6  
 22  22   6.0  4  
 23  23   6.0  1  
 24  24   6.0  4  
 25  25   6.5  0  
 26  26   6.5  4  
 27  27   7.0  0  
 28  28   7.0  6  
 29  29   7.0  4  
 30  30   7.0  3  
 31  31   7.5  5  
 32  32   7.5  2  
 33  33   7.5  6  
 34  34   8.0  0  
 35  35   8.0  5  
 36  36   8.0  3  
 37  37   8.0  1  
 38  38  10.0  7  
 39  39   5.0  4  
 40  39   6.5  4  
 41  40  12.0  3  
 42  41  12.0  0  
 43  42  13.0  0  
 44  43  14.0  4  
 45  44  15.0  4  
 46  45  15.0  5  
 47  46  16.0  1  
 48  47  16.0  6  
 49  48  16.0  5  
 50  49  16.0  0  
 51  50  16.0  1  
 52  51  18.0  0  
 53  52  19.0  0  
 54  53  19.5  2  
 55  54  14.0  4  
 56  54   7.0  4  
 57  55  22.5  7  
 58  56  24.0  0  
 59  57  24.0  0  
 60  58  24.0  4  
 61  59  24.0  2  
 62  60  24.0  6  
 63  61  24.0  6  
 64  62  24.0  4  
 65  63  25.0  7  
 66  64  28.0  1  
 67  65  28.5  4  
 68  66  31.0  0  
 69  67  31.0  0  
 70  68  31.5  7  
 71  69  37.0  5  
 72  70  39.0  0  
 73  71  40.0  1  
 74  72  40.0  0  
 75  73  44.0  1  
 76  74  45.0  3  
 77  75  27.0  7  
 78  75  20.0  7  
 79  76  51.0  6  
 80  77  56.0  1  
 81  78  56.0  1  
 82  79  57.5  5  
 83  80  64.0  4  
 84  81  67.5  3  
 85  82  72.0  2  
 86  83  77.0  3  
 87  84  78.0  5  
 88  85  80.0  7  
 89  86  81.5  5  
 90  87  88.0  2  
 91  87   6.5  2  
 92  88  95.0  2  
 93  89   1.5  4  
 94  89  81.0  4  
 95  89  15.5  4  
 96  90 113.0  5  
 97  91 127.0  7  
 98  92 163.0  6  
 99  93 164.5  2  
100  94   3.0  2  
101  94  26.0  2  
102  94 158.5  2  
103  95 204.0  7  
104  96 159.0  1  
105  96  12.0  1  
106  96  48.0  1  
107  97 237.5  6  
Plants:   8
 0 2492 35  75 
 1 2489  5 135 
 2 2490 10 111 
 3 2493 50  75 
 4 2491 20  87 
 5 2494 54  70 
 6 2495 57  90 
 7 2496 58  90