8
88
96
121
0 2489 5 135.0 
1 2490 10 111.0 
2 2491 20 87.0 
3 2492 35 75.0 
4 2493 50 75.0 
5 2494 54 70.0 
6 2495 57 90.0 
7 2496 58 90.0 
0 935428 102929 2148 57 480.00 17.50 
1 933382 000858 1784 50 510.00 47.00 
2 934415 003483 146 20 445.00 116.00 
3 934428 104268 1981 57 630.00 15.50 
4 934941 070149 935 10 480.00 11.00 
5 935456 070149 359 10 600.00 55.00 
6 935971 101843 1475 10 780.00 9.00 
7 932391 104686 1082 20 465.00 85.00 
8 935466 003265 400 10 480.00 4.00 
9 933938 103352 690 10 630.00 32.00 
10 933941 100373 943 58 420.00 334.50 
11 935998 104442 1960 20 810.00 1.00 
12 935497 COD 2162 57 600.00 5.00 
13 934991 000469 2081 57 570.00 5.00 
14 936019 104269 235 20 840.00 3.50 
15 934492 103045 1994 57 900.00 12.50 
16 935517 101951 128 57 660.00 32.00 
17 934496 104524 1327 58 840.00 36.00 
18 935009 010875 320 35 660.00 6.00 
19 935527 102309 2068 35 780.00 15.50 
20 935022 001460 2090 35 900.00 20.00 
21 936066 101066 2235 10 810.00 1.00 
22 935560 102164 2166 57 600.00 5.50 
23 934542 101843 1475 10 900.00 3.00 
24 935567 102893 1461 35 600.00 3.50 
25 934043 102183 959 50 870.00 2.00 
26 927904 104436 771 10 795.00 79.00 
27 934562 104686 2008 20 420.00 116.00 
28 931496 102603 431 35 480.00 43.00 
29 934064 104512 554 58 660.00 50.00 
30 935603 021100 2174 50 630.00 4.00 
31 933556 102676 1809 10 420.00 9.50 
32 934592 104746 256 20 780.00 3.50 
33 934609 104382 2011 35 780.00 25.00 
34 935121 103867 2100 35 420.00 55.50 
35 933602 021580 1829 10 450.00 104.00 
36 936173 104262 2252 20 870.00 14.00 
37 933635 104590 0 20 780.00 31.00 
38 935174 104906 1172 50 570.00 8.00 
39 935178 104841 2106 35 780.00 16.00 
40 934156 104284 1931 35 840.00 52.00 
41 936206 002891 2257 58 945.00 2.00 
42 930589 103338 1258 54 415.00 64.00 
43 935204 103919 982 57 780.00 7.00 
44 933669 103506 1840 35 600.00 159.00 
45 932137 104892 118 54 480.00 231.00 
46 935211 100878 2110 10 840.00 46.00 
47 932653 103762 1657 20 420.00 104.00 
48 934189 104327 1938 10 780.00 24.00 
49 933680 104830 681 54 570.00 152.00 
50 933683 021580 1843 10 960.00 4.50 
51 934734 104602 2037 57 450.00 7.00 
52 935248 103987 2117 58 420.00 16.00 
53 930648 100740 1275 20 930.00 7.00 
54 935777 COD 1025 35 720.00 4.00 
55 934775 104909 2043 35 780.00 10.00 
56 935287 102603 1518 35 480.00 5.50 
57 935801 002453 1749 35 750.00 18.00 
58 933243 104649 600 10 450.00 42.00 
59 930685 100146 1284 10 570.00 24.50 
60 924029 003390 170 20 870.00 22.00 
61 932737 000785 1670 10 660.00 4.00 
62 933253 104649 600 58 450.00 81.00 
63 935816 070149 84 54 720.00 9.00 
64 934312 103976 1965 58 420.00 12.00 
65 934824 104835 2053 35 660.00 4.00 
66 933295 104820 1772 50 690.00 8.00 
67 933303 003056 1774 35 450.00 1.50 
68 934848 101685 2055 35 870.00 33.50 
69 935874 104256 2207 50 480.00 8.00 
70 935876 104312 2208 20 900.00 3.00 
71 935365 000469 2134 35 420.00 9.00 
72 935370 103723 1832 50 630.00 8.00 
73 935371 103723 1832 50 810.00 36.00 
74 933837 101843 1475 10 645.00 60.00 
75 935885 104268 2211 50 900.00 3.50 
76 935887 102481 1321 57 900.00 5.00 
77 932306 104686 38 54 530.00 96.00 
78 932819 103772 1171 10 810.00 16.00 
79 935380 102742 2137 57 870.00 9.00 
80 935890 003390 901 10 840.00 3.00 
81 935383 104696 2138 58 810.00 15.50 
82 935396 074223 567 20 660.00 8.00 
83 935400 104683 88 50 480.00 3.00 
84 935401 104683 88 50 600.00 8.00 
85 935402 103723 1805 50 810.00 24.00 
86 935912 103820 2217 54 600.00 10.00 
87 933874 103289 1886 10 615.00 16.00 
0 0 17.50 15 15 3 
1 1 16.00 35 30 3 
2 1 31.00 35 30 3 
3 2 1.00 35 20 8.13 
4 2 10.00 35 20 8.13 
5 2 105.00 35 20 8.13 
6 3 15.50 25 15 3 
7 4 11.00 40 30 3 
8 5 55.00 45 30 5.73 
9 6 9.00 25 20 3 
10 7 85.00 35 15 9.0 
11 8 4.00 40 60 3 
12 9 32.00 35 48 11.0 
13 10 326.50 12 10 3 
14 10 8.00 12 10 3 
15 11 1.00 35 60 3 
16 12 5.00 40 45 3 
17 13 5.00 45 21 3 
18 14 3.50 30 60 10.6 
19 15 12.50 25 15 3 
20 16 32.00 25 60 3 
21 17 36.00 35 20 3 
22 18 6.00 25 30 3 
23 19 15.50 40 15 3 
24 20 20.00 15 40 3 
25 21 1.00 30 60 3 
26 22 5.50 30 35 3 
27 23 3.00 25 60 3 
28 24 3.50 25 40 3 
29 25 2.00 35 38 3 
30 26 79.00 30 30 8.5 
31 27 116.00 45 17 14.5 
32 28 43.00 12 30 3 
33 29 50.00 25 15 3 
34 30 4.00 25 30 3 
35 31 9.50 21 40 2.07 
36 32 3.50 38 60 3 
37 33 25.00 15 15 3 
38 34 55.50 35 25 3 
39 35 104.00 20 16 15.87 
40 36 14.00 30 30 8.93 
41 37 31.00 24 35 4.23 
42 38 8.00 46 15 3 
43 39 16.00 25 90 3 
44 40 52.00 27 15 3 
45 41 2.00 25 45 3 
46 42 1.00 35 30 5.87 
47 42 63.00 35 30 5.87 
48 43 7.00 30 35 3 
49 44 159.00 25 12 3 
50 45 188.00 25 15 4.0 
51 45 43.00 25 15 4.0 
52 46 46.00 20 16 11.43 
53 47 104.00 40 30 6.57 
54 48 24.00 30 30 9.6 
55 49 54.00 25 12 5.43 
56 49 98.00 25 12 5.43 
57 50 4.50 35 60 3 
58 51 7.00 40 45 3 
59 52 16.00 25 15 3 
60 53 7.00 35 60 3 
61 54 4.00 35 30 3 
62 55 10.00 35 30 3 
63 56 5.50 12 28 3 
64 57 18.00 28 30 3 
65 58 42.00 35 40 5.83 
66 59 13.00 30 30 5.63 
67 59 11.50 30 30 5.63 
68 60 22.00 15 40 0.7 
69 61 4.00 30 60 2.8 
70 62 81.00 30 30 3 
71 63 9.00 15 30 3.0 
72 64 12.00 35 35 3 
73 65 4.00 35 45 3 
74 66 8.00 20 45 3 
75 67 1.50 35 41 3 
76 68 33.50 30 15 3 
77 69 8.00 35 60 3 
78 70 3.00 30 60 2.27 
79 71 9.00 25 45 3 
80 72 8.00 35 30 3 
81 73 36.00 35 30 3 
82 74 60.00 25 17 3 
83 75 3.50 35 34 3 
84 76 5.00 35 35 3 
85 77 96.00 35 30 9.5 
86 78 16.00 25 30 3 
87 79 9.00 45 20 3 
88 80 3.00 35 60 3 
89 81 15.50 35 15 3 
90 82 8.00 30 60 6.03 
91 83 3.00 35 45 3 
92 84 8.00 35 45 3 
93 85 24.00 35 30 3 
94 86 10.00 25 60 3 
95 87 16.00 40 30 12.67 
0 15516 1286 20 20 8 508 1080 
1 7000007 1844 20 20 8 517 985 
2 15431 995 20 20 8 458 1001 
3 15507 1261 54 54 8 541 928 
4 15151 207 5 54 8 579 998 
5 15589 1460 54 54 8 397 983 
6 15398 912 54 54 8 409 1029 
7 15555 -1 -1 54 8 613 1091 
8 15409 944 20 20 8 458 1051 
9 7000059 35091 54 54 8 397 1121 
10 15423 983 10 10 8 505 1147 
11 7000026 35022 10 10 8 1052 1261 
12 7000029 35028 10 10 8 557 1216 
13 15488 1125 10 10 8 554 1231 
14 7000062 35106 54 54 8 423 1106 
15 14417 117 20 54 8 440 970 
16 15017 -1 -1 54 8 478 920 
17 15070 150 20 54 8 509 895 
18 15428 992 5 20 8 530 1070 
19 7000066 35112 10 10 8 585 967 
20 15213 270 5 10 8 514 910 
21 15539 1343 35 35 8 464 900 
22 15614 1829 35 35 8 529 1032 
23 7000032 -1 -1 35 8 552 978 
24 15408 941 35 35 8 405 925 
25 15553 1358 35 35 8 467 1013 
26 2167 1235 57 57 8 435 928 
27 15535 1251 57 57 8 459 942 
28 15550 1254 57 57 8 487 942 
29 15566 1255 57 57 8 487 1027 
30 15588 1457 57 57 8 495 916 
31 15605 1497 57 57 8 514 985 
32 7000056 -1 -1 57 8 546 1004 
33 15606 1496 57 57 12 558 970 
34 7000008 1841 57 57 12 584 1009 
35 2149 1221 57 57 8 401 897 
36 2001 1152 57 57 12 446 886 
37 15582 1442 57 57 8 495 970 
38 15421 -1 -1 57 8 524 1026 
39 2158 1168 57 57 8 371 977 
40 15526 1246 57 57 12 458 928 
41 15460 1070 20 20 8 493 1080 
42 15451 1052 20 20 8 471 1041 
43 15161 213 20 54 8 581 1048 
44 10228 54 5 54 8 504 1010 
45 15274 561 5 54 8 537 675 
46 15107 177 20 54 8 600 936 
47 15580 -1 -1 54 8 617 1166 
48 15347 734 5 54 8 634 962 
49 7000053 35082 5 54 8 679 1122 
50 15162 216 5 54 8 725 1040 
51 15245 372 20 20 8 421 1038 
52 15611 1817 20 20 8 493 1000 
53 7000063 35103 20 20 8 518 925 
54 7000069 35115 20 20 8 541 1028 
55 15176 231 20 20 8 410 926 
56 15243 363 20 20 8 432 927 
57 15358 762 20 20 8 440 1031 
58 2118 1203 57 57 8 401 1080 
59 15436 1007 5 20 8 584 1054 
60 15103 171 10 10 8 448 750 
61 15383 834 20 10 12 617 918 
62 15401 926 5 10 8 624 947 
63 15062 144 10 10 8 400 937 
64 15560 1379 58 58 8 448 961 
65 2006 1147 58 58 8 371 882 
66 2019 1148 58 58 8 392 949 
67 7000054 -1 -1 58 8 453 972 
68 2057 1182 58 58 8 420 933 
69 2026 1165 58 58 12 444 905 
70 2047 1173 58 58 8 407 934 
71 2022 1161 58 58 8 397 1006 
72 2072 1301 58 58 8 433 944 
73 2023 1164 58 58 8 402 986 
74 2040 1170 58 58 8 414 1022 
75 14340 291 50 50 8 428 952 
76 14347 300 50 50 8 456 997 
77 15476 -1 -1 50 8 496 981 
78 15598 815 50 50 8 521 952 
79 7000011 1885 50 50 8 580 896 
80 15112 183 10 10 8 449 976 
81 15173 228 10 10 8 460 1027 
82 15277 570 10 10 8 483 930 
83 15369 792 10 10 8 491 986 
84 15446 1031 10 10 8 513 948 
85 7000065 35109 10 10 8 601 982 
86 15083 156 10 10 8 433 898 
87 15405 938 5 20 8 556 925 
88 15542 1346 5 20 8 610 980 
89 15217 841 35 35 8 382 976 
90 15414 962 35 35 8 427 943 
91 15457 1061 35 35 8 429 991 
92 15562 1385 35 35 8 478 942 
93 7000041 -1 -1 35 8 552 1015 
94 15578 1427 35 35 8 509 935 
95 15612 1823 57 57 8 527 975 
96 15110 180 5 54 8 541 945 
97 15143 201 20 54 8 581 935 
98 15346 733 5 10 12 634 873 
99 7000042 35055 20 10 12 648 778 
100 15246 375 5 10 12 450 763 
101 15376 810 5 10 12 475 914 
102 15607 1499 5 10 8 591 997 
103 2068 1289 58 58 12 427 916 
104 700013 -1 -1 58 12 468 961 
105 7000038 35046 50 50 8 589 937 
106 15577 1424 35 35 8 503 1010 
107 15521 1310 5 20 8 604 679 
108 15377 813 5 10 12 494 947 
109 15228 279 5 10 8 526 868 
110 15435 1004 5 20 8 602 944 
111 15432 998 5 20 8 570 847 
112 15515 1283 5 20 8 585 714 
113 10124 126 5 10 12 450 765 
114 15343 725 35 35 8 374 1057 
115 15392 892 35 35 8 395 977 
116 15479 811 50 50 8 510 870 
117 7000045 -1 -1 50 8 596 936 
118 15615 818 50 50 8 564 990 
119 15559 1370 5 20 8 617 1004 
120 15450 779 50 50 8 432 1010