Drivers:        28
  0    15435 388          -1  1  8  330
  1    15436 382          -1  1  8  345
  2    15438 361          -1  1  8  355
  3    15607 188          -1  1  8  370
  4  7000030 010          -1  1  8  385
  5    15305 464          -1  1  8  395
  6    15428 196          -1  1  8  405
  7    15432 392          -1  1  8  440
  8    15515 342          -1  1  8  425
  9    15589 156          -1  1  8  465
 10    15398 462          -1  1  8  460
 11  7000059 019          -1  1  8  460
 12  7000062 035          -1  1  8  475
 13    15422 381|321      -1  1  8  400
 14    15107 367          -1  1  8  435
 15  7000069 344          -1  0  8  355
 16    15161 314          -1  0  8  375
 17    15423 366          -1  0  8  380
 18    15488 391          -1  0  8  400
 19  7000029 369          -1  0  8  415
 20  7000065 200          -1  0  8  425
 21  7000066 486          -1  0  8  430
 22    15369 433          -1  0  8  440
 23    15476 378          -1  0  8  450
 24    14347 469          -1  0  8  470
 25    15467 467          -1  0  8  475
 26    14411 532          -1  1 12  320
 27  7000042 049          -1  1 12  465
Clients:  6 819.0
  0 929743 016918 1116  0  840   1.0  1 
  1 929294 081916 1026  1  750   2.0  1 
  2 929674 101066 1100  1  900   4.0  1 
  3 927138 101501  634  1  450  24.0  1 
  4 926293 104815   94  0  420 266.0  1 
  5 926133 102625  423  1  390 522.0  1 
Orders:  6  
  0   0   1.0  0  
  1   1   2.0  1  
  2   2   4.0  1  
  3   3  24.0  1  
  4   4 266.0  0  
  5   5 522.0  1  
Plants:   2
 0 2490 10 111 
 1 2489  5 135