Drivers:       148
  0    15274 379          -1  1  8  405
  1    15432 392          -1  1  8  470
  2    15515 342          -1  1  8  495
  3    15110 440          -1  1  8  350
  4    10228 368          -1  1  8  315
  5    15223 320          -1  1  8  395
  6  7000053 024          -1  1  8  540
  7    15151 259          -1  1  8  375
  8    15347 307          -1  1  8  420
  9    15213 249          -1  1  8  390
 10    15017 263          -1  1  8  345
 11    15401 461          -1  1  8  430
 12    15422 321          -1  1  8  455
 13    15435 388          -1  1  8  475
 14    15521 098          -1  1  8  515
 15    15428 196          -1  1  8  465
 16    15436 382          -1  1  8  485
 17    15138 450          -1  1  8  375
 18    15228 340          -1  1  8  395
 19    15559 315          -1  1  8  560
 20    15112 486          -1  2  8  380
 21        1 0187__PI     -1  2  8  595
 22  7000026 369          -1  2  8  490
 23    15083 460          -1  2  8  370
 24    15173 311          -1  2  8  405
 25    15277 158          -1  2  8  415
 26    15369 433          -1  2  8  425
 27    15423 366          -1  2  8  440
 28    15459 390          -1  2  8  455
 29    15558 314          -1  2  8  470
 30  7000029 490          -1  2  8  495
 31    15486 313          -1  2  8  520
 32  7000065 200          -1  2  8  535
 33  7000066 018          -1  2  8  540
 34    15103 344          -1  2  8  375
 35    15446 389          -1  2  8  500
 36    15070 426          -1  4  8  370
 37  7000031 090          -1  4  8  580
 38    15243 449          -1  4  8  465
 39    15516 385          -1  4  8  555
 40    15358 310          -1  4  8  500
 41    15460 097          -1  4  8  545
 42    15143 370          -1  4  8  400
 43    15176 350          -1  4  8  415
 44    15245 308          -1  4  8  455
 45    15611 092          -1  4  8  555
 46  7000069 189          -1  4  8  590
 47    15107 367          -1  4  8  390
 48    15409 312          -1  4  8  545
 49    15431 363          -1  4  8  410
 50    14417 437          -1  4  8  345
 51        1 714NEPVE     -1  0  8  525
 52        1 711NEPVE     -1  0  8  550
 53    15457 150          -1  0  8  455
 54    15408 455          -1  0  8  405
 55  7000041 185          -1  0  8  540
 56    15217 454          -1  0  8  390
 57    15547 149          -1  0  8  455
 58    15150 301          -1  0  8  350
 59    15562 140          -1  0  8  470
 60    15343 300          -1  0  8  375
 61  7000032 345          -1  0  8  515
 62    15392 463          -1  0  8  390
 63    15414 489          -1  0  8  415
 64    15553 096          -1  0  8  470
 65    15578 037          -1  0  8  510
 66    15539 155          -1  0  8  440
 67    15614 138          -1  0  8  510
 68    15450 346          -1  3  8  355
 69    15598 434          -1  3  8  380
 70  7000018 142|435      -1  3  8  405
 71  7000045 456          -1  3  8  415
 72    15535 832          -1  3  8  460
 73    15550 834          -1  3  8  465
 74    14340 482          -1  3  8  340
 75    14347 020          -1  3  8  350
 76    15476 378          -1  3  8  360
 77    15479 347          -1  3  8  370
 78    15615 324          -1  3  8  390
 79  7000011 325          -1  3  8  395
 80  7000038 157          -1  3  8  410
 81     2149 831          -1  3  8  425
 82     2167 866          -1  3  8  430
 83  7000030 464          -1  5  8  530
 84    15102 349          -1  5  8  395
 85    15398 462          -1  5  8  410
 86    15467 467          -1  5  8  430
 87    15507 384          -1  5  8  530
 88  7000059 019          -1  5  8  595
 89    15451 383          -1  5  8  635
 90    15405 381          -1  5  8  685
 91    15555 436          -1  5  8  655
 92    15589 156          -1  5  8  590
 93    15542 521          -1  5  8  645
 94    15580 029          -1  5  8  700
 95  7000062 035          -1  5  8  625
 96    15607 188          -1  5  8  735
 97    15162 387          -1  5  8  495
 98  7000052 135          -1  5  8 1390
 99  7000063 190          -1  5  8  -25
100        1 702NEPVE     -1  6  8  500
101        1 704NEPVE     -1  6  8  505
102    15582 032          -1  6  8  385
103    15421 820          -1  6  8  430
104    15605 807          -1  6  8  430
105    15612 371          -1  6  8  430
106    15566 822          -1  6  8  465
107  7000056 470          -1  6  8  440
108    15588 828          -1  6  8  400
109     2158 377          -1  6  8  340
110        1 035BLAIN     -1  7  8  460
111        1 5018JDMI     -1  7  8  460
112        1 104_VAIL     -1  7  8  470
113        1 301_VAIL     -1  7  8  485
114     2072 526          -1  7  8  430
115  7000054 527          -1  7  8  435
116     2022 099          -1  7  8  365
117     2019 294          -1  7  8  355
118     2023 548          -1  7  8  380
119    15560 528          -1  7  8  430
120     2040 531          -1  7  8  405
121     2006 448          -1  7  8  345
122     2047 536          -1  7  8  410
123     2057 529          -1  7  8  415
124    10124 295          -1  1 12  385
125    15246 296          -1  1 12  420
126    15376 298          -1  1 12  440
127    15377 065          -1  1 12  465
128    15346 524          -1  1 12  490
129    14411 532          -1  2 12  350
130        1 6401_BEL     -1  2 12  610
131        1 6405BEL      -1  2 12  615
132  7000042 297          -1  4 12  500
133    15383 160          -1  4 12  540
134        1 718_NEPV     -1  6 12  470
135        1 708NEPVE     -1  6 12  480
136        1 706NEPVE     -1  6 12  460
137        1 215_MD       -1  6 12  500
138     2120 836          -1  6 12  365
139    15526 835          -1  6 12  385
140  7000008 053          -1  6 12  440
141     2001 867          -1  6 12  345
142    15606 068          -1  6 12  400
143        1 6406_BEL     -1  7 12  480
144     2068 468          -1  7 12  425
145     2026 429          -1  7 12  395
146  7000013 476          -1  7 12  445
147  7000067 430          -1  7 12  455
Clients:  111 3437.0
  0 930807 104837 1309  2  840   1.0  1 
  1 930362 104783 1223  7  480   1.5  1 
  2 930746 102839 1295  7  750   1.5  1 
  3 930457 103723  479  6  570   2.0  1 
  4 929884 102603 1137  4  780   2.0  1 
  5 929868 000785  469  2  900   2.0  1 
  6 928782 103722  932  5  930   2.0  1 
  7 925204 001460  287  4  450   2.5  1 
  8 929668 002087 1099  7  720   2.5  1 
  9 929727 100878  122  1  420   3.0  1 
 10 928863 000009  944  6  480   3.0  1 
 11 928932 103892  956  3  540   3.0  1 
 12 930458 104683   88  3  570   3.0  1 
 13 925741 103062   96  5  600   3.0  1 
 14 930611 104683   48  3  690   3.0  1 
 15 929554 102183  959  3  900   3.5  1 
 16 930596 104706  278  1  840   4.0  1 
 17 929636 104686 1090  0  900   4.0  1 
 18 929936 000785 1149  2  930   4.0  1 
 19 930039 104909 1169  0  930   4.0  1 
 20 930418 000785  473  1  420   4.5  1 
 21 929706 101012  412  5  810   4.5  1 
 22 930595 104706  278  1  600   5.0  1 
 23 928700 104123  919  7  930   5.0  1 
 24 924358 000785  202  2  960   5.0  1 
 25 929635 103359 1089  7  600   5.5  1 
 26 922117 104686   56  0  675   5.5  1 
 27 924837 104835  248  6  780   5.5  1 
 28 930036 002917 1168  7  840   5.5  1 
 29 927610 COD     727  2  870   5.5  1 
 30 930335 104538 1218  6  630   6.0  1 
 31 930650 103062  379  5  690   6.0  1 
 32 926923 104686   56  0  735   6.0  1 
 33 927373 104486  670  0  780   6.0  1 
 34 929052 103919  982  6  600   6.5  1 
 35 930765 104565 1297  6  750   6.5  1 
 36 928898 104686  552  0  780   6.5  1 
 37 929697 104043 1104  7  870   6.5  1 
 38 929973 104054  625  2  450   7.0  1 
 39 927575 104686   55  1  480   7.0  1 
 40 928587 101201  893  7  840   7.5  1 
 41 928203 003390  834  4  480   8.0  1 
 42 929106 100637  375  3  660   8.0  1 
 43 925912 103062  381  5  720   8.0  1 
 44 922109 104686   56  0  645   8.5  1 
 45 930598 104706  278  1  900   9.0  1 
 46 929150 104153 1001  0  720  10.0  1 
 47 928316 104841  857  7  900  10.0  1 
 48 928365 023155  865  6  900  10.0  1 
 49 927778 003483  752  1  660  11.0  1 
 50 929512 104842  105  7  810  11.0  1 
 51 928684 104686  610  1  480  12.0  1 
 52 930608 102309 1261  6  870  12.0  1 
 53 929704 104191 1105  5  900  12.0  1 
 54 922116 104686   56  0  600  12.5  1 
 55 930081 070149   84  5  795  13.0  2 
 56 929080 104256  126  7  840  13.0  1 
 57 930322 104830   99  5  780  14.0  1 
 58 928444 104696  880  7  420  15.0  1 
 59 927605 104815   94  2  690  15.0  1 
 60 930250 102899 1203  6  450  16.0  1 
 61 929393 COD    1042  7  480  16.0  1 
 62 929967 104604 1154  3  810  16.0  1 
 63 926921 104686   56  0  450  17.0  1 
 64 929574 100211 1078  7  780  18.0  1 
 65 927971 103751  786  0  480  19.0  1 
 66 925139 104706  278  5  480  19.5  1 
 67 929678 100009 1101  4  510  20.0  1 
 68 926154 104327  426  0  420  21.0  1 
 69 929433 001460  818  4  810  21.0  1 
 70 929153 100211 1003  7  750  22.0  1 
 71 930419 104741   71  2  540  22.5  1 
 72 927716 102893  739  0  810  24.0  2 
 73 930825 104834   87  4  900  24.0  1 
 74 930601 104778   57  1  750  27.0  2 
 75 925962 003390  393  4  840  28.0  1 
 76 928992 104904  649  7  750  29.0  1 
 77 929995 COD    1160  3  660  30.0  2 
 78 929226 COD    1013  6  420  31.0  1 
 79 927847 070149   84  4  480  31.0  1 
 80 925773 104484  350  5  630  31.0  2 
 81 929359 104704 1036  7  660  32.0  1 
 82 929066 100373  943  7  690  32.0  1 
 83 923527 104054   33  6  840  32.0  2 
 84 928202 104686   63  4  630  32.5  1 
 85 927411 104812  678  7  900  33.0  1 
 86 928549 103389  885  7  900  33.5  1 
 87 930072 104500   53  4  750  36.0  1 
 88 930625 104327  426  0  460  38.0  2 
 89 929089 104284  987  0  780  39.0  1 
 90 929527 104686 1067  4  420  40.0  1 
 91 926400 104892  121  6  660  44.0  3 
 92 926492 104820  498  3  420  55.0  1 
 93 925345 104706  278  1  690  59.0  1 
 94 927892 104970   47  5  660  59.5  2 
 95 930160 102750 1188  6  420  61.0  1 
 96 927127 104054   52  2  660  63.0  1 
 97 928025 104222   92  6  675  65.5  2 
 98 925852 104686   59  5 1380  67.5  1 
 99 920828 104686   38  1  480  70.0  1 
100 928906 104368  367  6  480  73.0  1 
101 930832 103762   20  2  765  74.0  1 
102 926912 104764  575  6  660  80.0  2 
103 920241 103762   24  1  420 100.0  1 
104 924951 039710  257  2  420 120.0  1 
105 928421 104970   47  4  615 121.0  2 
106 922500 102625   70  1  480 137.0  2 
107 925069 104686  271  1  420 139.0  2 
108 926564 104896  295  7  420 200.5  1 
109 928892 101951   10  3  420 299.0  1 
110 926932 102603  243  0  450 328.5  2 
Orders:  127  
  0   0   1.0  2  
  1   1   1.5  7  
  2   2   1.5  7  
  3   3   2.0  6  
  4   4   2.0  4  
  5   5   2.0  2  
  6   6   2.0  5  
  7   7   2.5  4  
  8   8   2.5  7  
  9   9   3.0  1  
 10  10   3.0  6  
 11  11   3.0  3  
 12  12   3.0  3  
 13  13   3.0  5  
 14  14   3.0  3  
 15  15   3.5  3  
 16  16   4.0  1  
 17  17   4.0  0  
 18  18   4.0  2  
 19  19   4.0  0  
 20  20   4.5  1  
 21  21   4.5  5  
 22  22   5.0  1  
 23  23   5.0  7  
 24  24   5.0  2  
 25  25   5.5  7  
 26  26   5.5  0  
 27  27   5.5  6  
 28  28   5.5  7  
 29  29   5.5  2  
 30  30   6.0  6  
 31  31   6.0  5  
 32  32   6.0  0  
 33  33   6.0  0  
 34  34   6.5  6  
 35  35   6.5  6  
 36  36   6.5  0  
 37  37   6.5  7  
 38  38   7.0  2  
 39  39   7.0  1  
 40  40   7.5  7  
 41  41   8.0  4  
 42  42   8.0  3  
 43  43   8.0  5  
 44  44   8.5  0  
 45  45   9.0  1  
 46  46  10.0  0  
 47  47  10.0  7  
 48  48  10.0  6  
 49  49  11.0  1  
 50  50  11.0  7  
 51  51  12.0  1  
 52  52  12.0  6  
 53  53  12.0  5  
 54  54  12.5  0  
 55  55   4.0  5  
 56  55   9.0  4  
 57  56  13.0  7  
 58  57  14.0  5  
 59  58  15.0  7  
 60  59  15.0  2  
 61  60  16.0  6  
 62  61  16.0  7  
 63  62  16.0  3  
 64  63  17.0  0  
 65  64  18.0  7  
 66  65  19.0  0  
 67  66  19.5  5  
 68  67  20.0  4  
 69  68  21.0  0  
 70  69  21.0  4  
 71  70  22.0  7  
 72  71  22.5  2  
 73  72  12.0  0  
 74  72  12.0  0  
 75  73  24.0  4  
 76  74  13.0  1  
 77  74  14.0  1  
 78  75  28.0  4  
 79  76  29.0  7  
 80  77  16.0  3  
 81  77  14.0  3  
 82  78  31.0  6  
 83  79  31.0  4  
 84  80   7.0  4  
 85  80  24.0  5  
 86  81  32.0  7  
 87  82  32.0  7  
 88  83  20.0  6  
 89  83  12.0  6  
 90  84  32.5  4  
 91  85  33.0  7  
 92  86  33.5  7  
 93  87  36.0  4  
 94  88  32.0  0  
 95  88   6.0  0  
 96  89  39.0  0  
 97  90  40.0  4  
 98  91  14.0  6  
 99  91  16.0  6  
100  91  14.0  6  
101  92  55.0  3  
102  93  59.0  1  
103  94   7.0  5  
104  94  52.5  5  
105  95  61.0  6  
106  96  63.0  2  
107  97  50.0  6  
108  97  15.5  6  
109  98  67.5  5  
110  99  70.0  1  
111 100  73.0  6  
112 101  74.0  2  
113 102  40.0  6  
114 102  40.0  6  
115 103 100.0  1  
116 104 120.0  2  
117 105 107.0  4  
118 105  14.0  5  
119 106   1.0  7  
120 106 136.0  1  
121 107   1.0  1  
122 107 138.0  1  
123 108 200.5  7  
124 109 299.0  3  
125 110   5.0  0  
126 110 323.5  0  
Plants:   8
 0 2492 35  75 
 1 2489  5 135 
 2 2490 10 111 
 3 2493 50  75 
 4 2491 20  87 
 5 2494 54  70 
 6 2495 57  90 
 7 2496 58  90