Drivers:       141
  0    10228 368          -1  1  8  370
  1    15017 263          -1  1  8  390
  2    15110 440          -1  1  8  395
  3    15162 387          -1  1  8  420
  4    15151 259          -1  1  8  425
  5    15223 320          -1  1  8  455
  6    15228 362          -1  1  8  455
  7    15432 392          -1  1  8  460
  8    15213 249          -1  1  8  465
  9    15274 379          -1  1  8  470
 10    15435 388          -1  1  8  485
 11    15436 382          -1  1  8  490
 12    15542 521          -1  1  8  495
 13    15515 342          -1  1  8  505
 14    15555 436          -1  1  8  530
 15    15521 450          -1  1  8  535
 16    15580 029          -1  1  8  535
 17    15305 464          -1  1  8  540
 18    15607 188          -1  1  8  550
 19    15438 361          -1  1  8  575
 20    15559 025          -1  1  8  590
 21  7000053 024          -1  1  8  595
 22    15083 460          -1  2  8  380
 23    15103 344          -1  2  8  390
 24    15112 486          -1  2  8  390
 25    15277 158          -1  2  8  390
 26    15486 313          -1  2  8  420
 27  7000026 369          -1  2  8  440
 28        1 7314IMP      -1  2  8  445
 29    15446 389          -1  2  8  445
 30        1 0187__PI     -1  2  8  460
 31  7000065 034|200      -1  2  8  460
 32        1 7313IMP      -1  2  8  465
 33        1 7315IMP      -1  2  8  475
 34        1 703NEPVE     -1  2  8  485
 35        1 709NEPVE     -1  2  8  500
 36        1 710NEPVE     -1  2  8  525
 37    14417 437          -1  4  8  355
 38    15070 426          -1  4  8  365
 39    15143 370          -1  4  8  380
 40    15161 331          -1  4  8  405
 41    15176 350          -1  4  8  410
 42    15245 308          -1  4  8  420
 43    15409 312          -1  4  8  440
 44    15451 383          -1  4  8  440
 45    15460 364          -1  4  8  460
 46    15243 449          -1  4  8  470
 47    15611 097          -1  4  8  470
 48  7000052 135          -1  4  8  490
 49  7000063 190          -1  4  8  500
 50    15358 310          -1  4  8  510
 51  7000069 189          -1  4  8  510
 52  7000011 325          -1  4  8  605
 53    15150 301          -1  0  8  370
 54    15343 300          -1  0  8  370
 55    15217 454          -1  0  8  385
 56    15392 463          -1  0  8  395
 57    15408 455          -1  0  8  400
 58    15414 323          -1  0  8  425
 59    15457 150          -1  0  8  425
 60    15578 037          -1  0  8  480
 61    15614 138          -1  0  8  500
 62  7000041 185          -1  0  8  580
 63    15598 434          -1  3  8  570
 64    15615 324          -1  3  8  590
 65  7000038 157          -1  3  8  625
 66  7000045 456          -1  3  8  645
 67    15507 384          -1  5  8  405
 68    15398 462          -1  5  8  405
 69    15589 156          -1  5  8  410
 70  7000059 349|019      -1  5  8  420
 71  7000062 035          -1  5  8  435
 72    15173 386          -1  5  8  450
 73    15423 366          -1  5  8  460
 74    15488 391          -1  5  8  470
 75  7000029 314          -1  5  8  480
 76    15431 363          -1  5  8  500
 77  7000066 018          -1  5  8  500
 78    15516 385          -1  5  8  540
 79    15347 307          -1  5  8  540
 80    15405 381          -1  5  8  555
 81    15401 461          -1  5  8  600
 82     2149 831          -1  6  8  370
 83     2158 377          -1  6  8  370
 84     2167 866          -1  6  8  370
 85    15566 470          -1  6  8  395
 86    15550 834          -1  6  8  395
 87    15568 822          -1  6  8  415
 88    15582 032          -1  6  8  420
 89    15588 828          -1  6  8  425
 90    15553 345          -1  6  8  430
 91    15562 140          -1  6  8  445
 92  7000056 143          -1  6  8  455
 93    15612 371          -1  6  8  455
 94    15421 820          -1  6  8  465
 95    14340 482          -1  6  8  465
 96    14347 435          -1  6  8  465
 97    15476 378          -1  6  8  470
 98    15479 347          -1  6  8  475
 99        1 44_MD        -1  6  8  490
100    15577 088          -1  6  8  490
101  7000032 246          -1  6  8  495
102        1 714NEPVE     -1  6  8  560
103        1 704NEPVE     -1  6  8  560
104    15450 346          -1  6  8  585
105     2006 448          -1  7  8  360
106     2019 294          -1  7  8  370
107     2022 099          -1  7  8  375
108     2023 548          -1  7  8  385
109     2040 531          -1  7  8  415
110     2047 527          -1  7  8  420
111     2072 176          -1  7  8  440
112     2057 529          -1  7  8  440
113    15560 528          -1  7  8  445
114        1 5018JDMI     -1  7  8  450
115        1 77BLAIN      -1  7  8  460
116        1 104_VAIL     -1  7  8  470
117        1 103VAIL      -1  7  8  485
118    15076 537|292      -1  2 12  405
119        1 6401_BEL     -1  2 12  460
120    14411 532          -1  2 12  465
121        1 6402_BEL     -1  2 12  485
122        1 6405BEL      -1  2 12  525
123    15346 524          -1  2 12  550
124        1 6407BEL      -1  2 12  575
125    15383 160          -1  4 12  465
126  7000042 049          -1  4 12  490
127    10124 052          -1  4 12  520
128    15246 296          -1  4 12  540
129    15376 298          -1  4 12  575
130     2001 867          -1  6 12  390
131     2120 835          -1  6 12  400
132    15526 844          -1  6 12  405
133    15606 068          -1  6 12  410
134  7000008 053          -1  6 12  440
135        1 707NEPVE     -1  6 12  550
136        1 706NEPVE     -1  6 12  565
137        1 708NEPVE     -1  6 12  610
138     2026 429          -1  7 12  405
139     2068 468          -1  7 12  430
140   700013 478          -1  7 12  465
Clients:  109 3447.5
  0 935226 001933 2114  3  900   1.0  1 
  1 935644 003308 1325  6  450   1.5  1 
  2 935650 COD    2182  6  420   2.0  1 
  3 936680 102625  425  7  660   2.0  1 
  4 936944 102603  431  0  750   2.0  1 
  5 936570 104268  898  3  780   2.0  1 
  6 935881 COD    2210  6  420   2.5  1 
  7 936731 002453 2197  6  540   2.5  1 
  8 936159 104442 2249  5  720   2.5  1 
  9 935921 002859 2220  7  840   2.5  1 
 10 935795 100878 2196  7  420   3.0  1 
 11 933623 104686   56  1  600   3.0  1 
 12 936621 104891 2324  5  630   3.0  1 
 13 933621 104686   56  1  645   3.0  1 
 14 933620 104686   56  1  690   3.0  1 
 15 935582 104686 1411  5  915   3.0  1 
 16 932127 001460 1551  5  480   3.5  1 
 17 932786 000785 1679  2  900   3.5  1 
 18 936315 103762 2277  2  630   4.0  1 
 19 932656 103762 1660  1  840   4.0  1 
 20 936538 102309 2310  0  420   5.0  1 
 21 931223 103338 1375  5  450   5.0  1 
 22 935584 104686 1411  5  840   5.0  1 
 23 934930 101523  225  7  945   5.0  1 
 24 932740 000785 1672  5  660   5.5  1 
 25 935563 102893 2167  6  540   6.0  1 
 26 936223 104557 2261  0  450   7.0  1 
 27 936133 102164 2166  6  480   7.0  1 
 28 936659 104696  880  7  630   7.0  1 
 29 936829 000785 2352  1  630   7.0  1 
 30 935564 102893 1461  0  840   7.5  1 
 31 935671 104229 2183  6  480   8.0  1 
 32 936697 104741   71  2  480   8.0  1 
 33 936762 103820 2342  1  660   8.0  1 
 34 936852 104262 2354  4  660   8.0  1 
 35 935964 000785 2225  5  900   8.0  1 
 36 936016 104555 1979  6  720   8.5  1 
 37 935588 104686 1919  4  420  10.0  1 
 38 936416 102309 2296  0  855  10.0  1 
 39 936466 104930 2106  0  690  10.5  1 
 40 935948 104815   94  2  615  11.0  1 
 41 932702 000785 1666  2  900  11.0  1 
 42 935037 003522 2091  4  660  12.0  1 
 43 936412 102309 2294  0  810  12.0  1 
 44 934806 104043 2050  7  420  12.5  2 
 45 936229 104284 2263  0  540  12.5  1 
 46 936393 000469 2292  0  870  12.5  1 
 47 932220 103062 1571  4  480  13.0  1 
 48 934927 100373  943  7  600  13.0  1 
 49 936788 104268 2349  3  870  13.0  1 
 50 935301 000785 2122  5  660  14.0  1 
 51 934624 100229 2019  6  840  14.0  1 
 52 935148 000785  694  2  870  14.0  1 
 53 936015 103505 2229  6  780  14.5  1 
 54 934889 103389 2062  7  780  14.5  1 
 55 933915 103867 1893  5  480  15.0  1 
 56 935908 104503 2216  0  780  15.0  1 
 57 936764 103820 2342  1  825  15.0  1 
 58 935276 001938 2119  2  690  16.0  1 
 59 934181 104836 1936  7  735  16.0  2 
 60 935681 102167 1770  6  780  16.0  1 
 61 932932 100060   96  4  840  16.0  1 
 62 936227 102751 2262  6  420  17.0  1 
 63 936023 003483 1252  1  420  18.0  1 
 64 934412 104686   68  0  540  18.0  1 
 65 930688 100146 1285  1  780  20.0  1 
 66 934916 102625 2067  2  600  20.5  1 
 67 935032 103352  690  1  870  21.0  1 
 68 929458 003390  170  4  870  21.0  1 
 69 935519 104313 2164  7  885  23.5  1 
 70 934747 000858 1784  3  660  24.0  1 
 71 933638 104590    0  5  810  24.0  1 
 72 936151 100878  847  4  840  24.0  1 
 73 935778 070149   84  5  420  25.5  1 
 74 935538 104696 2165  7  420  26.0  2 
 75 935348 104843 1631  7  450  27.5  1 
 76 936178 104262  141  7  690  30.0  1 
 77 935448 000223 2152  2  420  32.0  1 
 78 934564 104741   71  2  505  32.0  1 
 79 935099 104686  453  1  750  32.0  1 
 80 935590 103389 2171  7  855  33.0  1 
 81 934621 101012 1301  0  780  38.5  2 
 82 936766 104503 2343  6  660  39.5  1 
 83 934875 003483  146  4  780  39.5  3 
 84 925172 104706  278  1  450  40.0  1 
 85 927680 104706  278  1  540  42.0  1 
 86 933035 104118 1729  7  750  43.0  1 
 87 935373 103723 1832  3  600  44.0  1 
 88 934416 000241  766  2  840  44.0  1 
 89 934041 104493   46  5  660  45.0  1 
 90 935327 104764 2127  6  720  47.0  2 
 91 934905 104054  629  5  480  48.0  1 
 92 934258 104401  438  2  690  51.0  2 
 93 934393 104345 1976  2  810  52.0  1 
 94 934840 036960 1691  4  780  55.0  1 
 95 934093 104686 1011  4  415  57.0  2 
 96 930591 103338 1260  2  430  57.0  2 
 97 934979 104269  235  5  685  66.0  2 
 98 933570 000477 1813  7  420  68.0  1 
 99 925372 104706  278  1  660  80.0  1 
100 933261 104649  600  7  470  91.0  1 
101 933067 104686  762  1  480  91.0  1 
102 933252 104649  600  2  470  93.0  1 
103 936782 104241 2348  6  420 103.5  1 
104 935114 104970   47  4  480 153.5  2 
105 933149 104892  118  4  480 162.0  2 
106 934820 104831  129  6  450 199.0  2 
107 933792 103772 1866  2  445 258.0  4 
108 933513 104774  317  6  420 369.0  1 
Orders:  126  
  0   0   1.0  3  
  1   1   1.5  6  
  2   2   2.0  6  
  3   3   2.0  7  
  4   4   2.0  0  
  5   5   2.0  3  
  6   6   2.5  6  
  7   7   2.5  6  
  8   8   2.5  5  
  9   9   2.5  7  
 10  10   3.0  7  
 11  11   3.0  1  
 12  12   3.0  5  
 13  13   3.0  1  
 14  14   3.0  1  
 15  15   3.0  5  
 16  16   3.5  5  
 17  17   3.5  2  
 18  18   4.0  2  
 19  19   4.0  1  
 20  20   5.0  0  
 21  21   5.0  5  
 22  22   5.0  5  
 23  23   5.0  7  
 24  24   5.5  5  
 25  25   6.0  6  
 26  26   7.0  0  
 27  27   7.0  6  
 28  28   7.0  7  
 29  29   7.0  1  
 30  30   7.5  0  
 31  31   8.0  6  
 32  32   8.0  2  
 33  33   8.0  1  
 34  34   8.0  4  
 35  35   8.0  5  
 36  36   8.5  6  
 37  37  10.0  4  
 38  38  10.0  0  
 39  39  10.5  0  
 40  40  11.0  2  
 41  41  11.0  2  
 42  42  12.0  4  
 43  43  12.0  0  
 44  44   5.0  7  
 45  44   7.5  7  
 46  45  12.5  0  
 47  46  12.5  0  
 48  47  13.0  4  
 49  48  13.0  7  
 50  49  13.0  3  
 51  50  14.0  5  
 52  51  14.0  6  
 53  52  14.0  2  
 54  53  14.5  6  
 55  54  14.5  7  
 56  55  15.0  5  
 57  56  15.0  0  
 58  57  15.0  1  
 59  58  16.0  2  
 60  59  10.0  7  
 61  59   6.0  7  
 62  60  16.0  6  
 63  61  16.0  4  
 64  62  17.0  6  
 65  63  18.0  1  
 66  64  18.0  0  
 67  65  20.0  1  
 68  66  20.5  2  
 69  67  21.0  1  
 70  68  21.0  4  
 71  69  23.5  7  
 72  70  24.0  3  
 73  71  24.0  5  
 74  72  24.0  4  
 75  73  25.5  5  
 76  74  15.5  7  
 77  74  10.5  7  
 78  75  27.5  7  
 79  76  30.0  7  
 80  77  32.0  2  
 81  78  32.0  2  
 82  79  32.0  1  
 83  80  33.0  7  
 84  81  15.0  0  
 85  81  23.5  0  
 86  82  39.5  6  
 87  83   1.0  5  
 88  83  19.0  4  
 89  83  19.5  4  
 90  84  40.0  1  
 91  85  42.0  1  
 92  86  43.0  7  
 93  87  44.0  3  
 94  88  44.0  2  
 95  89  45.0  5  
 96  90  16.0  6  
 97  90  31.0  6  
 98  91  48.0  5  
 99  92  19.0  2  
100  92  32.0  2  
101  93  52.0  2  
102  94  55.0  4  
103  95   1.0  4  
104  95  56.0  5  
105  96   1.0  2  
106  96  56.0  2  
107  97   1.5  5  
108  97  64.5  5  
109  98  68.0  7  
110  99  80.0  1  
111 100  91.0  7  
112 101  91.0  1  
113 102  93.0  2  
114 103 103.5  6  
115 104   9.5  4  
116 104 144.0  4  
117 105  30.0  4  
118 105 132.0  4  
119 106 187.5  6  
120 106  11.5  6  
121 107   1.0  2  
122 107  49.0  2  
123 107   7.0  2  
124 107 201.0  2  
125 108 369.0  6  
Plants:   8
 0 2492 35  75 
 1 2489  5 135 
 2 2490 10 111 
 3 2493 50  75 
 4 2491 20  87 
 5 2494 54  70 
 6 2495 57  90 
 7 2496 58  90