Drivers:       117
  0    15017 263          -1  1  8  360
  1    15151 259          -1  1  8  420
  2    15223 320          -1  1  8  420
  3    15476 378          -1  3  8  360
  4    15615 324          -1  3  8  420
  5    15479 347          -1  3  8  420
  6  7000056 826          -1  6  8  540
  7    15568 822          -1  6  8  480
  8    15535 832          -1  6  8  480
  9    15582 032          -1  6  8  480
 10    15605 807          -1  6  8  480
 11    15421 820          -1  6  8  540
 12     2158 377          -1  6  8  360
 13    15070 426          -1  4  8  420
 14    15245 308          -1  4  8  480
 15    15460 824_MER      -1  4  8  600
 16    15516 385          -1  4  8  600
 17    15243 449          -1  4  8  480
 18    15358 364          -1  4  8  480
 19    15176 350          -1  4  8  420
 20  7000059 462          -1  5  8  540
 21    15589 156          -1  5  8  480
 22    15507 384          -1  5  8  480
 23    15110 440          -1  1  8  360
 24    15162 464          -1  1  8  420
 25    15213 249          -1  1  8  420
 26    15228 340          -1  1  8  420
 27    15274 379          -1  1  8  420
 28    15347 307          -1  1  8  480
 29    15428 196          -1  1  8  540
 30    15138 450          -1  1  8  420
 31    15607 188          -1  1  8  600
 32    15438 361          -1  1  8  600
 33    15580 029          -1  1  8  600
 34    15562 140          -1  0  8  540
 35    15392 463          -1  0  8  420
 36    15457 150          -1  0  8  480
 37     2149 831          -1  6  8  360
 38     2167 866          -1  6  8  420
 39    15566 470          -1  6  8  420
 40    15588 828          -1  6  8  480
 41    15277 158          -1  2  8  420
 42    15143 370          -1  4  8  420
 43    15409 312          -1  4  8  540
 44    15161 097          -1  4  8  540
 45    15431 363          -1  4  8  600
 46    15107 367          -1  4  8  540
 47  7000062 035          -1  5  8  600
 48    15150 301          -1  0  8  360
 49    15343 300          -1  0  8  360
 50    15217 454          -1  0  8  420
 51    14347 020          -1  3  8  360
 52    15598 434          -1  3  8  420
 53  7000011 325          -1  3  8  480
 54    15435 388          -1  1  8  480
 55    15555 436          -1  1  8  540
 56    15559 315          -1  1  8  600
 57  7000053 024          -1  1  8  600
 58    14340 482          -1  3  8  360
 59    15450 346          -1  3  8  360
 60  7000030 023          -1  1  8  600
 61    15515 342          -1  1  8  540
 62    15521 098          -1  1  8  540
 63    15405 381          -1  1  8  480
 64    15436 382          -1  1  8  480
 65    15414 323          -1  0  8  480
 66    15553 096          -1  0  8  480
 67    15547 149          -1  0  8  480
 68     2019 294          -1  7  8  360
 69     2022 099          -1  7  8  360
 70    15539 155          -1  0  8  480
 71    15422 321          -1  1  8  480
 72    15103 344          -1  2  8  360
 73    15173 311          -1  2  8  420
 74    15423 366          -1  2  8  420
 75    15486 313          -1  2  8  420
 76  7000065 314          -1  2  8  420
 77    15401 461          -1  2  8  540
 78    15432 392          -1  2  8  540
 79    15112 486          -1  2  8  360
 80    15459 390          -1  2  8  420
 81    15488 391          -1  2  8  420
 82  7000026 369          -1  2  8  480
 83  7000066 018          -1  2  8  480
 84    15083 460          -1  2  8  360
 85  7000029 319          -1  2  8  480
 86    15369 433          -1  2  8  420
 87  7000065 389          -1  2  8  480
 88    15467 467          -1  5  8  480
 89    14417 437          -1  4  8  360
 90     2023 548          -1  7  8  360
 91     2047 536          -1  7  8  420
 92     2072 526          -1  7  8  480
 93    15611 092          -1  4  8  600
 94    15102 349          -1  5  8  420
 95    15542 521          -1  1  8  540
 96    15408 455          -1  0  8  420
 97    15578 037          -1  0  8  540
 98    15614 138          -1  0  8  540
 99     2040 531          -1  7  8  420
100     2057 529          -1  7  8  420
101  7000018 435          -1  3  8  480
102    15550 834          -1  6  8  420
103    15612 371          -1  6  8  480
104    10228 368          -1  1  8  360
105     2001 867          -1  6 12  420
106     2120 836          -1  6 12  420
107    15526 835          -1  6 12  420
108  7000008 053          -1  6 12  480
109    15346 524          -1  1 12  540
110     2068 468          -1  7 12  480
111    10124 295          -1  1 12  480
112    15246 296          -1  1 12  540
113    15377 065          -1  1 12  540
114    15383 160          -1  2 12  480
115  7000042 297          -1  2 12  480
116     2026 429          -1  7 12  420
Clients:  67 1839.5
  0 930347 104752 1220  6  420   1.0  1 
  1 931395 000164  707  0  690   1.0  1 
  2 931430 002225 1404  6  780   1.0  1 
  3 931378 000749 1396  3  780   2.0  1 
  4 931142 101386 1360  6  600   2.5  1 
  5 925873 100740  369  2  900   3.0  1 
  6 928784 104512  554  7  600   4.0  1 
  7 929259 000857  815  5  720   4.0  1 
  8 930691 001685 1287  7  780   4.0  1 
  9 930875 102481 1321  6  900   4.0  1 
 10 931026 101820 1342  6  480   4.0  1 
 11 931087 104130  822  0  780   4.0  1 
 12 928999 104835  248  0  660   4.5  1 
 13 931262 103820 1380  1  420   4.5  1 
 14 930326 104268 1167  5  570   5.0  1 
 15 931104 103964 1352  1  690   4.0  1 
 16 931122 103964 1359  1  450   1.5  1 
 17 928371 103030  866  6  660   6.0  1 
 18 930938 102219 1331  6  720   6.0  1 
 19 931244 104905  551  6  840   7.5  1 
 20 931102 104683   48  6  600   8.0  1 
 21 931355 104327  426  0  750   8.0  1 
 22 930626 104696  880  7  600  10.0  1 
 23 928283 102455   98  1  660  12.5  1 
 24 929680 100009 1101  5  660  12.5  2 
 25 929280 102456  723  2  420  14.0  1 
 26 928792 101012  934  7  570   9.0  1 
 27 929695 101012  412  5  540   5.5  1 
 28 927770 104778   57  1  765  16.5  1 
 29 924367 070149   64  4  480   8.0  2 
 30 931045 070149   84  5  480  10.0  1 
 31 928614 104815   94  1  690  18.0  1 
 32 929573 103753  642  7  420  18.0  1 
 33 930068 102952 1175  7  420  19.0  1 
 34 928433 104401  438  1  630  20.0  1 
 35 929442 104447 1055  4  480  20.0  2 
 36 920247 103762   27  1  435  24.0  1 
 37 927951 003390  688  1  870   5.5  1 
 38 929162 003390 1008  5  600  14.0  1 
 39 930793 003390 1306  1  690   4.0  1 
 40 931319 003390  848  1  720   2.0  1 
 41 928042 103910  798  3  705  26.5  2 
 42 930114 COD 1180  3  420  27.5  2 
 43 922775 104834   87  6  540  30.0  2 
 44 928631 104871  906  1  540  30.0  1 
 45 925667 102625  153  6  450  46.0  1 
 46 925595 104686   56  0  600  17.5  1 
 47 926915 104686   56  0  450  18.0  1 
 48 929834 104686  594  1  630  13.0  1 
 49 928772 104301  929  0  685  49.0  2 
 50 924621 104269   79  5  655  69.0  2 
 51 927202 100692  343  3  420  70.0  1 
 52 926739 104500   53  5  480  78.5  1 
 53 930010 103976 1165  7  420  10.0  1 
 54 930014 103976 1166  7  465  10.0  1 
 55 930152 103976 1186  7  720  62.0  1 
 56 929867 010875   62  0  480 110.5  1 
 57 925141 104706  278  1  450  39.0  1 
 58 925347 104706  278  1  720  39.0  1 
 59 927660 104706  278  1  570  28.0  1 
 60 931153 104706  278  1  855   4.0  1 
 61 931154 104706  278  1  915   9.0  1 
 62 929048 104362  190  1  535 128.5  2 
 63 929128 104493   46  2  450 284.0  1 
 64 923518 104054   33  6  480 148.0  2 
 65 929306 104054  186  2  480 158.5  2 
 66 931116 104054  625  1  690   2.0  1 
Orders:  78  
  0   0   1.0 
  1   1   1.0 
  2   2   1.0 
  3   3   2.0 
  4   4   2.5 
  5   5   3.0 
  6   6   4.0 
  7   7   4.0 
  8   8   4.0 
  9   9   4.0 
 10  10   4.0 
 11  11   4.0 
 12  12   4.5 
 13  13   4.5 
 14  14   5.0 
 15  15   4.0 
 16  16   1.5 
 17  17   6.0 
 18  18   6.0 
 19  19   7.5 
 20  20   8.0 
 21  21   8.0 
 22  22  10.0 
 23  23  12.5 
 24  24   6.0 
 25  24   6.5 
 26  25  14.0 
 27  26   9.0 
 28  27   5.5 
 29  28  16.5 
 30  29   3.0 
 31  29   5.0 
 32  30  10.0 
 33  31  18.0 
 34  32  18.0 
 35  33  19.0 
 36  34  20.0 
 37  35  10.0 
 38  35  10.0 
 39  36  24.0 
 40  37   5.5 
 41  38  14.0 
 42  39   4.0 
 43  40   2.0 
 44  41   7.0 
 45  41  19.5 
 46  42  11.5 
 47  42  16.0 
 48  43   8.0 
 49  43  22.0 
 50  44  30.0 
 51  45  46.0 
 52  46  17.5 
 53  47  18.0 
 54  48  13.0 
 55  49   1.0 
 56  49  48.0 
 57  50   1.5 
 58  50  67.5 
 59  51  70.0 
 60  52  78.5 
 61  53  10.0 
 62  54  10.0 
 63  55  62.0 
 64  56 110.5 
 65  57  39.0 
 66  58  39.0 
 67  59  28.0 
 68  60   4.0 
 69  61   9.0 
 70  62   1.0 
 71  62 127.5 
 72  63 284.0 
 73  64   6.0 
 74  64 142.0 
 75  65  38.5 
 76  65 120.0 
 77  66   2.0 
Plants:   8
 0 2492 35  75 
 1 2489  5 135 
 2 2490 10 111 
 3 2493 50  75 
 4 2491 20  87 
 5 2494 54  70 
 6 2495 57  90 
 7 2496 58  90