8
109
126
122
0 2489 5 135.0 
1 2490 10 111.0 
2 2491 20 87.0 
3 2492 35 75.0 
4 2493 50 75.0 
5 2494 54 70.0 
6 2495 57 90.0 
7 2496 58 90.0 
0 926731 102309 541 35 690.00 10.50 
1 926732 104982 542 57 450.00 15.00 
2 927760 103861 1307 58 930.00 7.50 
3 927254 070149 273 35 420.00 6.00 
4 928805 103820 936 57 600.00 7.00 
5 926258 100579 449 5 420.00 2.00 
6 927282 103723 651 50 450.00 53.50 
7 922678 104269 79 20 595.00 65.00 
8 928333 100564 606 35 900.00 18.00 
9 922702 104484 82 20 480.00 190.50 
10 928847 103976 941 58 855.00 43.50 
11 928848 103047 942 58 810.00 8.00 
12 928851 104892 118 54 660.00 3.00 
13 926292 104815 94 10 750.00 22.00 
14 926804 104686 250 5 480.00 60.00 
15 928868 023020 945 35 900.00 2.00 
16 927343 102893 661 35 660.00 16.00 
17 927356 103822 665 35 540.00 30.00 
18 928894 000432 949 10 870.00 1.00 
19 928384 104638 869 57 450.00 7.00 
20 928903 100060 951 5 870.00 1.50 
21 926353 104671 471 57 420.00 42.00 
22 925339 104706 278 5 690.00 39.50 
23 924315 000785 199 5 630.00 4.00 
24 926880 100373 470 58 540.00 40.00 
25 927393 001234 675 35 480.00 3.50 
26 927394 003483 146 54 745.00 58.50 
27 927913 104844 774 54 840.00 40.00 
28 925868 003522 368 10 420.00 5.50 
29 920237 103762 21 10 420.00 104.00 
30 927917 101012 775 35 510.00 10.50 
31 926385 104681 481 57 690.00 4.00 
32 928948 000785 957 20 900.00 7.00 
33 926907 002793 1 58 600.00 28.00 
34 928445 003390 169 57 900.00 8.50 
35 927422 000785 683 10 840.00 24.00 
36 928959 103867 961 20 900.00 2.50 
37 928967 103501 760 57 900.00 26.00 
38 925907 103062 75 54 690.00 48.00 
39 927957 101523 225 5 720.00 43.00 
40 927446 000785 692 54 900.00 2.50 
41 926945 010875 584 57 420.00 275.00 
42 927459 104868 698 57 450.00 16.00 
43 925932 000858 387 50 810.00 21.00 
44 927981 104604 788 50 600.00 30.00 
45 925422 100412 308 5 780.00 10.00 
46 926961 104524 585 58 600.00 67.00 
47 927990 000785 474 10 870.00 7.00 
48 924410 102625 78 10 420.00 78.50 
49 917243 104590 0 20 840.00 40.00 
50 926465 104123 494 58 435.00 4.00 
51 927490 103970 700 58 900.00 5.50 
52 928515 104442 686 20 840.00 1.50 
53 928007 104602 450 35 510.00 23.00 
54 928526 104696 883 5 900.00 33.50 
55 928017 100740 369 54 960.00 6.50 
56 927506 102455 703 35 510.00 7.50 
57 929042 102750 980 57 870.00 4.00 
58 926717 010875 62 35 720.00 102.50 
59 926998 002891 592 58 510.00 24.00 
60 925466 104779 315 20 480.00 6.00 
61 928031 104686 294 20 960.00 5.00 
62 928035 104191 796 54 900.00 3.50 
63 928045 104681 800 57 840.00 23.00 
64 926512 103929 507 58 480.00 23.00 
65 928560 001620 547 50 750.00 3.00 
66 928057 102183 804 50 750.00 10.00 
67 923972 104686 56 35 645.00 5.50 
68 929093 103650 989 57 930.00 4.00 
69 925002 103102 262 57 390.00 156.00 
70 926028 100333 399 57 870.00 24.00 
71 927582 104157 719 35 690.00 6.00 
72 927075 100905 612 35 450.00 5.50 
73 927082 103976 614 58 750.00 49.00 
74 928115 103722 439 57 810.00 40.00 
75 927093 102625 70 5 415.00 175.00 
76 928121 104622 819 50 750.00 6.00 
77 926085 104842 105 58 540.00 109.50 
78 925065 104686 271 5 780.00 91.00 
79 925070 104686 272 5 600.00 45.00 
80 927119 003390 627 10 690.00 14.00 
81 928144 COD 826 58 420.00 4.50 
82 925086 103772 115 10 450.00 206.00 
83 926626 104686 523 35 660.00 18.00 
84 926627 104686 524 35 720.00 3.00 
85 927652 104706 278 5 600.00 41.00 
86 926121 000785 419 10 900.00 11.50 
87 927661 104472 734 35 600.00 15.00 
88 928190 104970 47 20 690.00 17.00 
89 925637 002884 331 54 930.00 8.00 
90 927176 103970 638 58 795.00 8.00 
91 926670 101012 530 5 960.00 10.50 
92 928721 104706 278 5 810.00 4.00 
93 928722 104706 278 5 870.00 10.00 
94 926165 104362 190 5 475.00 221.00 
95 927703 104508 736 58 810.00 5.00 
96 927709 104686 56 35 570.00 6.00 
97 927711 104686 56 35 600.00 5.00 
98 923105 104830 99 54 690.00 32.00 
99 926189 001234 437 57 480.00 6.50 
100 927727 104327 426 35 780.00 46.00 
101 928752 104683 88 57 630.00 12.00 
102 928753 COD 923 58 990.00 3.50 
103 926710 104712 537 35 930.00 21.50 
104 928247 104490 842 35 690.00 14.00 
105 925688 102625 153 57 510.00 8.00 
106 928251 102740 843 50 420.00 2.00 
107 928764 103820 925 54 600.00 21.00 
108 928253 102740 668 20 555.00 3.00 
0 0 10.50 25 45 3 
1 1 15.00 30 45 3 
2 2 7.50 45 20 3 
3 3 6.00 35 30 3 
4 4 7.00 35 41 3 
5 5 2.00 31 45 9.7 
6 6 53.50 15 35 3 
7 7 64.00 28 20 9.57 
8 7 1.00 28 20 9.57 
9 8 18.00 20 30 3 
10 9 185.00 25 16 11.43 
11 9 5.50 25 16 11.43 
12 10 43.50 35 15 3 
13 11 8.00 30 35 3 
14 12 3.00 15 30 3 
15 13 22.00 30 30 14.03 
16 14 60.00 35 30 9.7 
17 15 2.00 15 60 3 
18 16 16.00 20 60 3 
19 17 15.00 15 30 3 
20 17 15.00 15 30 3 
21 18 1.00 20 60 3 
22 19 7.00 35 60 3 
23 20 1.50 30 60 1.9 
24 21 42.00 35 45 3 
25 22 39.50 25 15 13.17 
26 23 4.00 30 60 3 
27 24 20.00 8 25 3 
28 24 20.00 8 25 3 
29 25 3.50 30 60 3 
30 26 1.00 17 22 10.6 
31 26 57.50 17 22 10.6 
32 27 40.00 30 30 3.47 
33 28 5.50 20 60 2.2 
34 29 104.00 15 25 19.63 
35 30 10.50 30 15 3 
36 31 4.00 35 45 3 
37 32 7.00 38 20 4.5 
38 33 28.00 25 25 3 
39 34 8.50 25 45 3 
40 35 8.00 30 45 16.97 
41 35 16.00 30 45 16.97 
42 36 2.50 29 60 3 
43 37 22.00 20 15 3 
44 37 4.00 20 15 3 
45 38 48.00 15 30 5.93 
46 39 43.00 25 40 3 
47 40 2.50 30 60 3 
48 41 275.00 35 15 3 
49 42 16.00 45 45 3 
50 43 16.00 30 35 3 
51 43 5.00 30 35 3 
52 44 30.00 35 15 3 
53 45 10.00 20 20 3 
54 46 55.00 25 15 3 
55 46 12.00 25 15 3 
56 47 7.00 30 60 4.3 
57 48 66.50 25 15 20.2 
58 48 12.00 25 15 20.2 
59 49 40.00 27 30 2.0 
60 50 4.00 35 75 3 
61 51 5.50 30 70 3 
62 52 1.50 40 60 3.53 
63 53 23.00 30 35 3 
64 54 33.50 32 15 4.8 
65 55 6.50 25 60 3 
66 56 7.50 30 25 3 
67 57 4.00 20 20 3 
68 58 102.50 5 15 3 
69 59 24.00 30 45 3 
70 60 6.00 35 40 9.67 
71 61 5.00 21 60 3 
72 62 3.50 35 60 3 
73 63 23.00 25 35 3 
74 64 23.00 35 90 3 
75 65 3.00 30 20 3 
76 66 3.00 35 30 3 
77 66 7.00 35 30 3 
78 67 5.50 25 15 3 
79 68 4.00 25 30 3 
80 69 156.00 20 13 3 
81 70 16.00 35 15 3 
82 70 8.00 35 15 3 
83 71 6.00 30 29 3 
84 72 5.50 25 35 3 
85 73 49.00 35 15 3 
86 74 40.00 50 45 3 
87 75 1.00 7 16 5.48 
88 75 174.00 7 16 5.48 
89 76 6.00 45 60 3 
90 77 109.50 22 25 3 
91 78 91.00 35 20 19.17 
92 79 45.00 25 20 10.27 
93 80 14.00 25 30 3 
94 81 4.50 30 45 3 
95 82 200.00 25 13 24.37 
96 82 6.00 25 13 24.37 
97 83 18.00 35 15 3 
98 84 3.00 35 60 3 
99 85 41.00 21 30 12.97 
100 86 6.50 30 15 3 
101 86 5.00 30 15 3 
102 87 15.00 25 60 3 
103 88 17.00 24 30 3.1 
104 89 8.00 35 30 3 
105 90 8.00 30 40 3 
106 91 10.50 25 60 3 
107 92 4.00 22 60 3 
108 93 10.00 22 15 3 
109 94 1.00 15 16 6.13 
110 94 220.00 15 16 6.13 
111 95 5.00 35 45 3 
112 96 6.00 25 60 3 
113 97 5.00 25 60 3 
114 98 32.00 25 16 9.07 
115 99 6.50 30 30 3 
116 100 30.00 30 35 3 
117 100 16.00 30 35 3 
118 101 12.00 30 35 3 
119 102 3.50 45 45 3 
120 103 21.50 40 20 3 
121 104 14.00 35 15 3 
122 105 8.00 32 30 3 
123 106 2.00 35 30 3 
124 107 21.00 20 20 6.4 
125 108 3.00 20 30 3 
0 15107 177 20 20 8 495 1058 
1 15143 201 20 20 8 471 931 
2 15409 944 20 20 8 514 966 
3 15451 1052 20 20 8 525 1005 
4 7000052 35076 20 20 8 581 1054 
5 15083 156 10 10 8 395 1008 
6 15103 171 10 10 8 409 747 
7 15173 228 10 10 8 443 954 
8 15459 1067 10 10 8 471 970 
9 15488 1125 10 10 8 497 1021 
10 15558 1364 10 10 8 646 993 
11 7000065 35109 10 10 8 662 959 
12 15446 1031 10 10 8 463 975 
13 7000029 35028 10 10 8 650 1040 
14 7000066 35112 10 10 8 669 1080 
15 15369 792 10 10 8 457 1120 
16 7000031 35037 20 20 8 554 970 
17 15070 150 20 20 8 441 1092 
18 15176 231 20 20 8 503 970 
19 15431 995 20 20 8 519 926 
20 15542 1346 5 54 8 649 1146 
21 7000063 35103 20 20 8 675 977 
22 15161 213 20 20 8 498 1010 
23 15243 363 20 20 8 504 951 
24 15611 1817 20 20 8 545 1020 
25 14417 117 20 20 8 428 996 
26 7000069 35115 20 20 8 678 1034 
27 15521 1310 5 54 8 644 998 
28 15580 -1 -1 54 8 655 1042 
29 15555 -1 -1 5 8 676 1098 
30 7000059 35091 54 54 8 420 1026 
31 15217 841 35 35 8 405 897 
32 7000030 35031 5 5 8 606 1098 
33 15102 -1 -1 54 8 379 971 
34 15398 912 54 54 8 395 1022 
35 15507 1261 54 54 8 412 989 
36 7000062 35106 54 54 8 442 1094 
37 15076 246 10 10 12 417 907 
38 2158 1168 57 57 8 366 977 
39 2001 1152 57 57 12 379 1021 
40 2149 1221 57 57 8 393 954 
41 15588 1457 57 57 8 415 1169 
42 7000008 1841 57 57 12 428 1100 
43 15213 270 5 5 8 452 1032 
44 15401 926 5 5 8 514 1100 
45 15017 -1 -1 5 8 388 1032 
46 15405 938 5 5 8 504 980 
47 15305 625 5 5 8 496 998 
48 10228 54 5 5 8 378 1153 
49 15432 998 5 5 8 559 1122 
50 15515 1283 5 5 8 574 1098 
51 15607 1499 5 54 8 663 1114 
52 15223 276 5 5 8 469 1140 
53 15347 734 5 5 8 498 1126 
54 15228 279 5 5 8 480 948 
55 15151 207 5 5 8 392 921 
56 15162 216 5 5 8 433 896 
57 15423 983 10 10 8 475 1027 
58 15486 1116 10 10 8 496 943 
59 15112 183 10 10 8 425 1025 
60 15277 570 10 10 8 441 966 
61 15062 144 10 10 8 385 1027 
62 14411 123 5 5 12 401 986 
63 15479 811 50 50 8 409 868 
64 14347 300 50 50 8 365 905 
65 7000038 35046 50 50 8 492 945 
66 7000045 -1 -1 50 8 524 992 
67 15566 1255 57 57 8 408 954 
68 15605 1497 57 57 8 420 1002 
69 2026 1165 58 58 12 508 1020 
70 2072 1301 58 58 8 536 1052 
71 7000013 1849 58 58 12 564 1051 
72 2022 1161 58 58 8 448 1091 
73 2068 1289 58 58 12 522 1067 
74 7000054 -1 -1 58 8 569 990 
75 7000067 -1 -1 58 12 577 846 
76 15346 733 5 5 12 453 962 
77 15428 992 5 5 8 516 992 
78 15377 813 5 5 12 527 986 
79 10124 126 5 5 12 425 1050 
80 15274 561 5 5 8 486 918 
81 15383 834 20 5 12 616 964 
82 7000042 35055 20 5 12 632 982 
83 15246 375 5 5 12 440 1040 
84 7000056 -1 -1 57 8 440 1068 
85 15615 818 50 50 8 453 944 
86 2019 1148 58 58 8 392 1030 
87 2047 1173 58 58 8 529 945 
88 15414 962 35 35 8 484 972 
89 15421 -1 -1 35 8 440 1026 
90 15539 1343 35 35 8 519 1054 
91 7000041 -1 -1 35 8 570 982 
92 15422 980 5 35 8 561 1115 
93 15578 1427 35 35 8 531 1137 
94 15562 1385 35 35 8 526 1047 
95 7000032 -1 -1 35 8 549 1033 
96 15150 342 35 35 8 369 969 
97 15392 892 35 35 8 433 1017 
98 15457 1061 35 35 8 484 1090 
99 15614 1829 35 35 8 547 825 
100 15553 1358 35 35 8 510 1008 
101 15435 1004 5 5 8 564 708 
102 15438 1013 5 54 8 623 1101 
103 7000053 35082 5 54 8 681 981 
104 2006 1147 58 58 8 378 1005 
105 2023 1164 58 58 8 471 929 
106 2118 1203 57 57 8 379 998 
107 2120 1206 57 57 12 385 1078 
108 2167 1235 57 57 8 393 1011 
109 15550 1254 57 57 8 403 942 
110 15612 1823 57 57 8 419 1114 
111 2040 1170 58 58 8 515 995 
112 15560 1379 58 58 8 557 1015 
113 15376 810 5 5 12 463 1001 
114 7000018 -1 -1 50 8 459 899 
115 15598 815 50 50 8 622 1011 
116 15408 941 35 35 8 484 1018 
117 15535 1251 57 57 8 396 986 
118 15460 1070 20 20 8 535 906 
119 15547 1355 35 35 8 496 957 
120 15476 -1 -1 50 8 373 969 
121 15436 1007 5 54 8 630 762