8
78
85
123
0 2489 5 135.0 
1 2490 10 111.0 
2 2491 20 87.0 
3 2492 35 75.0 
4 2493 50 75.0 
5 2494 54 70.0 
6 2495 57 90.0 
7 2496 58 90.0 
0 936448 036960 1691 20 780.00 76.50 
1 937345 104863 2415 35 600.00 2.00 
2 934018 104747 1909 58 420.00 6.00 
3 936579 100229 2313 57 510.00 3.00 
4 935300 000785 137 10 585.00 7.00 
5 932743 000785 1672 10 630.00 5.00 
6 936073 023155 2236 54 840.00 7.50 
7 937612 104503 2444 35 810.00 19.50 
8 934015 104747 1908 58 465.00 6.00 
9 936082 104054 224 54 600.00 8.00 
10 933267 104649 600 5 460.00 105.00 
11 936979 102929 2363 50 690.00 19.00 
12 936213 102625 2258 54 475.00 303.00 
13 937618 104831 85 57 840.00 45.50 
14 935419 101685 2146 35 870.00 16.00 
15 933272 104649 600 10 540.00 81.00 
16 936088 002988 2039 35 630.00 70.50 
17 933788 039710 1863 10 900.00 12.00 
18 936863 104683 88 50 480.00 7.00 
19 935421 101685 2147 35 900.00 15.50 
20 934818 100579 147 10 720.00 75.00 
21 937381 002453 2422 35 840.00 6.50 
22 937511 102750 2432 57 810.00 6.00 
23 937512 103143 2387 57 870.00 8.00 
24 937259 104153 365 35 720.00 1.50 
25 936108 102603 1941 10 480.00 12.00 
26 935085 104686 63 54 540.00 34.00 
27 935598 103389 2173 58 885.00 33.00 
28 937134 103723 1080 50 480.00 26.00 
29 936752 002658 2340 50 420.00 1.00 
30 936755 103045 1994 57 585.00 23.00 
31 934964 103976 1106 58 420.00 59.50 
32 937526 104892 118 54 780.00 5.00 
33 932790 000785 1681 54 870.00 8.00 
34 932151 100740 369 54 480.00 12.00 
35 933814 104829 1871 20 705.00 16.00 
36 936889 100878 847 20 570.00 14.50 
37 937145 102838 2389 58 675.00 65.00 
38 936379 104982 2288 57 840.00 14.00 
39 937146 070149 84 20 750.00 9.00 
40 937276 104222 2194 57 630.00 5.00 
41 937277 103723 2406 20 840.00 4.50 
42 925376 104706 278 54 735.00 40.00 
43 936257 100211 2266 58 810.00 64.00 
44 937279 104604 2407 50 780.00 13.50 
45 927683 104706 278 54 540.00 43.00 
46 937413 102167 2426 50 870.00 4.00 
47 937672 000785 2449 10 960.00 3.00 
48 937546 102625 78 10 780.00 1.00 
49 936397 104831 85 57 450.00 300.00 
50 936783 100878 122 58 810.00 15.00 
51 933072 104686 762 54 840.00 3.00 
52 937683 102750 2453 57 960.00 13.00 
53 937045 003390 2213 20 480.00 28.00 
54 931542 103338 43 20 415.00 177.00 
55 934230 104313 1950 58 840.00 26.50 
56 936022 103389 2231 58 825.00 14.00 
57 936279 104686 1011 54 415.00 61.00 
58 936028 003483 146 57 625.00 34.50 
59 935005 104451 2084 58 450.00 8.00 
60 932706 000785 282 10 900.00 2.00 
61 933218 104821 1761 35 420.00 63.00 
62 937442 104686 2428 20 840.00 4.00 
63 937319 103685 2413 35 660.00 12.00 
64 937194 102219 1887 57 660.00 7.00 
65 933999 104815 94 10 480.00 252.00 
66 934512 002658 1996 58 810.00 35.50 
67 934769 100579 2042 10 480.00 5.50 
68 936559 104970 47 54 810.00 27.50 
69 937332 003483 146 20 720.00 12.00 
70 937591 000785 2443 10 870.00 21.00 
71 937592 003390 170 20 900.00 2.50 
72 935034 103352 690 10 750.00 20.00 
73 936571 102625 153 35 510.00 48.00 
74 937340 104905 117 57 540.00 8.00 
75 936957 001933 2114 20 900.00 1.00 
76 931454 003390 170 20 870.00 22.50 
77 925311 104706 278 54 420.00 40.00 
0 0 76.50 10 15 12.47 
1 1 2.00 30 45 3 
2 2 6.00 25 45 3 
3 3 3.00 15 30 3 
4 4 7.00 30 60 10.87 
5 5 5.00 30 60 3.37 
6 6 7.50 35 60 3 
7 7 19.50 35 15 3 
8 8 6.00 25 45 3 
9 9 8.00 25 20 3 
10 10 105.00 35 30 11.97 
11 11 11.00 35 30 3 
12 11 8.00 35 30 3 
13 12 1.00 15 12 5.17 
14 12 302.00 15 12 5.17 
15 13 45.50 25 12 3 
16 14 16.00 30 15 3 
17 15 81.00 40 40 16.67 
18 16 70.50 35 30 3 
19 17 12.00 15 15 3 
20 18 7.00 32 20 3 
21 19 15.50 35 15 3 
22 20 75.00 25 20 13.7 
23 21 6.50 28 45 3 
24 22 6.00 15 35 3 
25 23 8.00 20 20 3 
26 24 1.50 35 35 3 
27 25 12.00 35 30 15.0 
28 26 34.00 35 20 12.07 
29 27 33.00 50 20 3 
30 28 26.00 10 25 3 
31 29 1.00 22 35 3 
32 30 23.00 25 20 3 
33 31 59.50 35 25 3 
34 32 5.00 15 60 3 
35 33 8.00 35 60 5.73 
36 34 12.00 25 45 3 
37 35 16.00 25 25 10.37 
38 36 13.50 40 16 2.03 
39 36 1.00 40 16 2.03 
40 37 65.00 25 15 3 
41 38 14.00 35 40 3 
42 39 9.00 30 60 3 
43 40 5.00 30 30 3 
44 41 4.50 25 35 3 
45 42 40.00 40 15 3 
46 43 64.00 35 22 3 
47 44 13.50 35 15 3 
48 45 43.00 40 30 5.6 
49 46 4.00 35 30 3 
50 47 3.00 29 60 3 
51 48 1.00 25 60 2.7 
52 49 300.00 25 12 3 
53 50 15.00 35 35 3 
54 51 3.00 35 60 3 
55 52 13.00 25 20 3 
56 53 28.00 35 10 6.8 
57 54 176.00 40 16 11.63 
58 54 1.00 40 16 11.63 
59 55 26.50 20 20 1.17 
60 56 14.00 50 20 3 
61 57 60.00 25 60 3 
62 57 1.00 25 60 3 
63 58 1.00 30 20 3 
64 58 14.50 30 20 3 
65 58 19.00 30 20 3 
66 59 8.00 25 60 3 
67 60 2.00 35 60 1.63 
68 61 63.00 25 35 3 
69 62 4.00 25 60 3 
70 63 12.00 12 60 3 
71 64 7.00 30 20 3 
72 65 252.00 30 16 14.13 
73 66 35.50 30 15 8.53 
74 67 5.50 40 60 3 
75 68 27.50 20 45 8.17 
76 69 12.00 30 30 3 
77 70 21.00 30 15 7.37 
78 71 2.50 15 45 3 
79 72 20.00 30 45 10.67 
80 73 48.00 40 25 3 
81 74 8.00 30 35 3 
82 75 1.00 25 15 1.4 
83 76 22.50 15 45 10.23 
84 77 40.00 40 15 4.37 
0 15467 1085 54 54 8 373 1114 
1 7000059 35091 54 54 8 398 1042 
2 10228 54 5 54 8 408 1052 
3 15110 180 5 54 8 423 960 
4 15151 207 5 54 8 437 1071 
5 15162 216 5 54 8 441 1025 
6 15138 195 5 54 8 432 986 
7 15435 1004 5 54 8 564 1025 
8 15428 992 5 54 8 544 1074 
9 15223 276 5 54 8 489 1064 
10 15401 926 5 54 8 506 988 
11 15432 998 5 54 8 552 1064 
12 15507 1261 54 54 8 377 1105 
13 15176 231 20 20 8 435 924 
14 15611 1817 20 20 8 485 1105 
15 7000069 35115 20 20 8 533 1156 
16 14417 117 20 20 8 359 904 
17 15070 150 20 20 8 366 911 
18 15107 177 20 20 8 386 993 
19 15143 201 20 20 8 387 934 
20 15161 213 20 20 8 410 947 
21 15358 762 20 20 8 443 894 
22 15431 995 20 20 8 460 957 
23 15451 1052 20 20 8 468 758 
24 15516 1286 20 20 8 483 958 
25 7000052 35076 20 20 8 502 1099 
26 7000063 35103 20 20 8 550 1170 
27 15243 363 20 20 8 435 958 
28 15245 372 20 20 8 439 876 
29 15409 944 20 20 8 458 938 
30 15228 279 5 54 8 500 970 
31 15112 183 10 10 8 454 1015 
32 15542 1346 5 10 8 578 951 
33 15150 342 35 35 8 371 814 
34 15217 841 35 35 8 456 779 
35 15408 941 35 35 8 486 983 
36 15539 1343 35 35 8 522 815 
37 15562 1385 35 35 8 554 1013 
38 15614 1829 35 35 8 588 1000 
39 7000041 -1 -1 35 8 621 945 
40 15414 962 35 35 8 502 1009 
41 15274 561 5 5 8 421 954 
42 15213 270 5 5 8 462 977 
43 15347 734 5 5 8 506 977 
44 15017 -1 -1 5 8 551 1008 
45 15580 -1 -1 5 8 591 1039 
46 15277 570 10 10 8 487 1087 
47 15488 1125 10 10 8 530 1004 
48 7000066 35112 10 10 8 556 946 
49 15559 1370 5 10 8 613 1010 
50 15423 983 10 10 8 493 1020 
51 7000053 35082 5 10 8 699 1151 
52 15173 228 10 10 8 458 1060 
53 15376 810 5 10 12 666 975 
54 14411 123 5 10 12 540 1046 
55 15076 246 10 10 12 435 885 
56 15214 273 10 10 8 472 892 
57 15369 792 10 10 8 487 914 
58 15446 1031 10 10 8 500 1015 
59 15486 1116 10 10 8 515 986 
60 7000029 35028 10 10 8 529 1087 
61 10124 126 5 10 12 547 927 
62 15246 375 5 10 12 566 952 
63 15346 733 5 10 12 579 955 
64 15555 -1 -1 10 8 593 958 
65 15103 171 10 10 8 424 731 
66 15607 1499 5 10 8 647 1178 
67 15377 813 5 10 12 690 981 
68 15083 156 10 10 8 425 955 
69 2047 1173 58 58 8 435 1009 
70 2019 1148 58 58 8 386 1000 
71 15560 1379 58 58 8 675 1083 
72 700013 -1 -1 58 12 787 1084 
73 2072 1301 58 58 8 525 1085 
74 15436 1007 5 10 8 577 929 
75 7000065 35109 10 10 8 539 1045 
76 2006 1147 58 58 8 378 958 
77 2022 1161 58 58 8 403 1040 
78 2040 1170 58 58 8 431 937 
79 2026 1165 58 58 12 458 1068 
80 2057 1182 58 58 8 485 921 
81 2068 1289 58 58 12 504 1089 
82 2023 1164 58 58 8 415 960 
83 15305 625 5 54 8 500 1166 
84 15422 980 5 54 8 514 1196 
85 15553 1358 35 35 8 550 922 
86 15343 725 35 35 8 448 957 
87 15605 1497 57 57 8 486 1129 
88 15566 1255 57 57 8 456 1105 
89 15615 818 50 57 8 525 945 
90 7000056 -1 -1 57 8 522 1090 
91 2149 1221 57 57 8 436 1041 
92 15578 1427 35 35 8 575 866 
93 7000032 -1 -1 35 8 609 887 
94 15392 892 35 35 8 470 863 
95 15577 1424 35 35 8 568 931 
96 2158 1168 57 57 8 427 948 
97 15550 1254 57 57 8 451 1009 
98 15588 1457 57 57 8 475 1009 
99 15612 1823 57 57 8 492 1009 
100 7000018 -1 -1 57 8 529 1053 
101 2167 1235 57 57 8 441 1088 
102 15535 1251 57 57 8 448 1053 
103 15598 815 50 57 8 579 945 
104 15421 -1 -1 57 8 498 1047 
105 15589 1460 54 54 8 388 1000 
106 15405 938 5 54 8 533 1117 
107 15521 1310 5 54 8 589 976 
108 15568 1256 57 57 8 468 961 
109 2120 1206 57 57 12 411 911 
110 15526 1246 57 57 12 425 784 
111 15606 1496 57 57 12 480 992 
112 7000008 1841 57 57 12 488 1046 
113 15383 834 20 57 12 506 932 
114 7000042 35055 20 57 12 522 1021 
115 15457 1061 35 35 8 517 913 
116 15547 1355 35 35 8 543 843 
117 14340 291 50 50 8 393 852 
118 14347 300 50 50 8 437 849 
119 15476 -1 -1 50 8 483 873 
120 7000045 -1 -1 50 8 510 945 
121 15450 779 50 50 8 456 949 
122 7000038 35046 50 50 8 589 868