8
114
127
134
0 2489 5 135.0 
1 2490 10 111.0 
2 2491 20 87.0 
3 2492 35 75.0 
4 2493 50 75.0 
5 2494 54 70.0 
6 2495 57 90.0 
7 2496 58 90.0 
0 931842 103060 1488 57 660.00 1.50 
1 930826 100009 1102 20 780.00 3.00 
2 931852 104706 278 5 600.00 9.00 
3 931853 104706 278 5 810.00 4.50 
4 931854 104706 278 5 870.00 4.50 
5 931855 104706 278 5 930.00 4.50 
6 931862 COD 1493 57 930.00 5.50 
7 929819 104686 140 5 480.00 8.00 
8 929307 036960 805 57 780.00 40.00 
9 930332 023155 865 35 870.00 4.00 
10 926780 104262 141 58 810.00 13.50 
11 930885 100564 606 35 450.00 12.50 
12 930889 102625 533 5 420.00 60.00 
13 930379 104686 180 20 1410.00 18.00 
14 930386 100316 1226 5 870.00 15.00 
15 931413 104524 1401 58 930.00 18.50 
16 926298 104320 455 10 420.00 16.50 
17 931427 102603 519 35 660.00 1.50 
18 931943 036960 768 57 750.00 7.50 
19 929903 100373 943 58 600.00 8.00 
20 931446 002884 40 54 930.00 4.00 
21 931969 102540 1513 5 900.00 3.00 
22 931970 104706 278 5 840.00 10.50 
23 931971 104706 278 5 900.00 4.50 
24 930444 104686 829 35 720.00 30.50 
25 931988 101727 1514 35 660.00 42.50 
26 930455 101247 1233 58 420.00 92.50 
27 931997 103820 1516 57 630.00 8.00 
28 932001 COD 1517 57 720.00 5.50 
29 925349 104706 278 5 780.00 42.00 
30 930473 002988 1235 35 540.00 96.00 
31 930987 104054 186 10 450.00 24.00 
32 927923 103289 776 54 420.00 9.00 
33 932023 000857 1522 20 810.00 7.00 
34 920249 103762 29 10 420.00 168.00 
35 931518 104686 1423 35 450.00 3.00 
36 932031 104557 1523 35 840.00 4.00 
37 928962 102603 962 10 655.00 31.00 
38 927432 103352 258 5 720.00 36.00 
39 928968 003483 146 20 535.00 44.00 
40 929992 103359 1158 58 480.00 19.00 
41 932041 104686 830 35 900.00 30.00 
42 929996 101012 775 35 780.00 24.50 
43 930511 104649 600 58 510.00 67.00 
44 928977 102893 967 57 780.00 37.50 
45 929001 104835 248 57 780.00 4.50 
46 930553 103910 1249 57 780.00 30.00 
47 930555 103910 1250 57 570.00 24.00 
48 929025 104442 978 5 900.00 4.50 
49 931593 104683 48 57 480.00 2.50 
50 925966 003390 170 20 870.00 10.50 
51 930065 COD 1173 57 690.00 3.00 
52 929556 104686 1073 5 450.00 126.00 
53 930581 104686 177 20 840.00 8.00 
54 928027 104222 92 57 900.00 20.50 
55 931613 102219 1440 57 810.00 5.00 
56 929570 104054 33 57 480.00 169.00 
57 924452 103765 217 35 930.00 29.50 
58 931622 003390 688 10 900.00 3.00 
59 929577 100211 1079 58 900.00 31.50 
60 930616 104686 1264 35 660.00 4.00 
61 930619 102183 1265 20 870.00 4.50 
62 929088 104256 126 58 840.00 18.00 
63 930635 104686 1269 5 660.00 8.00 
64 930125 104686 55 5 480.00 7.00 
65 926033 101989 90 10 660.00 80.00 
66 931157 104123 921 58 420.00 6.50 
67 928090 104900 377 10 600.00 53.50 
68 923994 104686 56 35 600.00 29.00 
69 931166 000785 1368 54 585.00 8.00 
70 930656 104686 1011 20 420.00 22.50 
71 928611 104686 244 20 720.00 16.50 
72 928622 104815 94 10 690.00 24.00 
73 930670 102695 354 35 420.00 8.00 
74 932212 104503 1566 57 900.00 2.50 
75 929654 104284 1094 35 840.00 34.50 
76 931703 104686 1453 20 690.00 8.00 
77 931704 104312 1454 20 900.00 4.00 
78 930678 104152 1282 35 750.00 4.00 
79 928634 104474 907 5 420.00 23.00 
80 930183 000164 1023 35 480.00 92.50 
81 928138 023155 824 5 900.00 3.00 
82 931726 023020 1457 35 780.00 4.00 
83 931727 104683 88 57 480.00 8.00 
84 931728 100211 1458 57 810.00 13.00 
85 929682 100009 1101 20 660.00 18.00 
86 930710 104686 1288 20 990.00 5.00 
87 929176 003390 1008 54 840.00 5.50 
88 930202 104741 71 10 480.00 15.00 
89 931228 104830 99 10 810.00 5.00 
90 927133 104484 350 54 450.00 216.00 
91 930719 104686 221 5 540.00 37.00 
92 930720 104686 221 5 705.00 40.00 
93 931747 104500 501 20 780.00 6.50 
94 929708 103976 1106 58 780.00 55.00 
95 931246 104905 551 57 720.00 8.00 
96 927663 104706 278 5 570.00 42.00 
97 931251 102625 78 10 720.00 19.00 
98 930742 103973 1157 58 405.00 40.00 
99 930237 104841 856 58 660.00 16.00 
100 931775 103722 1016 10 720.00 9.00 
101 931777 103145 1470 57 480.00 2.50 
102 931779 104892 118 20 660.00 27.00 
103 931269 COD 1383 57 720.00 12.00 
104 931784 COD 1473 57 780.00 12.00 
105 930763 003155 247 58 420.00 24.00 
106 924622 104269 235 54 595.00 96.50 
107 929750 103852 1119 35 450.00 73.00 
108 925144 104706 278 20 450.00 45.50 
109 931294 102571 1387 5 720.00 37.00 
110 926175 104678 432 57 480.00 103.00 
111 930795 103861 1307 58 660.00 26.00 
112 929260 000857 815 20 780.00 3.00 
113 928758 100412 308 10 480.00 33.00 
0 0 1.50 35 40 3 
1 1 3.00 35 60 3 
2 2 9.00 35 15 3 
3 3 4.50 30 60 3 
4 4 4.50 35 60 3 
5 5 4.50 35 60 3 
6 6 5.50 50 45 3 
7 7 8.00 40 60 3 
8 8 40.00 40 20 3 
9 9 4.00 30 25 3 
10 10 13.50 10 20 3 
11 11 12.50 28 35 3 
12 12 60.00 30 20 7.03 
13 13 18.00 25 45 11.33 
14 14 15.00 20 60 8.83 
15 15 18.50 40 30 3 
16 16 16.50 25 50 4.87 
17 17 1.50 30 35 3 
18 18 7.50 45 20 3 
19 19 8.00 8 15 3 
20 20 4.00 35 60 3 
21 21 3.00 20 60 3 
22 22 10.50 35 60 5.1 
23 23 4.50 35 60 3 
24 24 30.50 25 19 3 
25 25 42.50 40 15 3 
26 26 92.50 40 20 3 
27 27 8.00 25 40 3 
28 28 5.50 5 45 3 
29 29 42.00 30 15 10.1 
30 30 56.00 12 20 3 
31 30 40.00 12 20 3 
32 31 24.00 35 30 14.37 
33 32 9.00 25 30 3 
34 33 7.00 40 60 3 
35 34 168.00 30 25 15.43 
36 35 3.00 25 60 7.93 
37 36 4.00 25 30 3 
38 37 1.00 30 30 5.8 
39 37 30.00 30 30 5.8 
40 38 36.00 20 40 3 
41 39 1.00 35 22 14.3 
42 39 43.00 35 22 14.3 
43 40 8.00 40 45 3 
44 40 11.00 40 45 3 
45 41 30.00 25 19 3 
46 42 24.50 28 15 3 
47 43 67.00 25 45 3 
48 44 8.00 45 30 3 
49 44 29.50 45 30 3 
50 45 4.50 35 45 3 
51 46 30.00 35 15 3 
52 47 16.00 35 15 3 
53 47 8.00 35 15 3 
54 48 4.50 35 60 1.17 
55 49 2.50 32 30 3 
56 50 10.50 17 45 4.13 
57 51 3.00 20 45 3 
58 52 126.00 40 13 11.93 
59 53 8.00 25 30 13.4 
60 54 20.50 35 15 3 
61 55 5.00 25 45 3 
62 56 169.00 35 12 3 
63 57 29.50 35 15 3 
64 58 3.00 40 60 3 
65 59 31.50 30 15 3 
66 60 4.00 36 60 3 
67 61 4.50 30 38 2.27 
68 62 18.00 8 30 3 
69 63 8.00 45 60 3 
70 64 7.00 45 90 3 
71 65 80.00 35 25 5.3 
72 66 6.50 35 75 3 
73 67 53.50 35 20 15.67 
74 68 29.00 25 15 3 
75 69 8.00 15 60 3 
76 70 22.50 40 45 13.1 
77 71 16.50 30 20 12.58 
78 72 24.00 30 30 25.4 
79 73 8.00 30 60 3 
80 74 2.50 20 3 3 
81 75 34.50 15 15 3 
82 76 8.00 35 60 3 
83 77 4.00 25 45 3 
84 78 4.00 25 60 3 
85 79 5.50 20 15 3 
86 79 17.50 20 15 3 
87 80 91.50 36 20 3 
88 80 1.00 36 20 3 
89 81 3.00 30 60 3 
90 82 4.00 20 45 3 
91 83 8.00 35 35 3 
92 84 13.00 40 15 3 
93 85 18.00 30 30 9.73 
94 86 5.00 25 60 10.77 
95 87 5.50 20 60 3 
96 88 15.00 30 40 10.23 
97 89 5.00 30 60 6.03 
98 90 216.00 20 17 3 
99 91 37.00 35 24 10.5 
100 92 40.00 30 32 4.07 
101 93 6.50 25 60 15.17 
102 94 55.00 30 15 3 
103 95 8.00 30 45 3 
104 96 42.00 25 30 3 
105 97 19.00 25 30 3 
106 98 40.00 28 20 3 
107 99 16.00 25 75 3 
108 100 9.00 30 60 119.48 
109 101 2.50 20 45 3 
110 102 5.00 30 30 4.43 
111 102 12.00 30 30 4.43 
112 102 10.00 30 30 4.43 
113 103 12.00 35 40 3 
114 104 12.00 30 30 3 
115 105 16.00 25 30 3 
116 105 8.00 25 30 3 
117 106 1.50 20 16 2.77 
118 106 19.00 20 16 2.77 
119 106 76.00 20 16 2.77 
120 107 73.00 25 15 3 
121 108 45.50 45 15 12.33 
122 109 37.00 25 30 3 
123 110 103.00 30 20 3 
124 111 26.00 50 20 3 
125 112 3.00 35 60 2.8 
126 113 33.00 45 20 4.23 
0 15246 375 5 5 12 436 797 
1 15228 279 5 5 8 490 906 
2 15401 926 5 5 8 521 977 
3 15542 1346 5 5 8 555 903 
4 15383 834 20 5 12 594 999 
5 10124 126 5 5 12 408 924 
6 15377 813 5 5 12 496 935 
7 15083 156 10 10 8 427 919 
8 7000042 35055 20 10 12 595 982 
9 15423 983 10 10 8 474 1103 
10 7000026 35022 10 10 8 575 982 
11 7000029 35028 10 10 8 560 995 
12 7000066 35112 10 10 8 588 1055 
13 15277 570 10 10 8 428 1101 
14 15488 1125 10 10 8 501 1131 
15 14411 123 5 5 12 385 890 
16 15408 941 35 35 8 417 920 
17 15614 1829 35 35 8 491 1083 
18 15539 1343 35 35 8 455 1047 
19 7000032 -1 -1 35 8 491 1043 
20 15562 1385 35 35 8 472 1033 
21 15421 -1 -1 35 8 536 1065 
22 7000030 35031 5 54 8 576 956 
23 15607 1499 5 54 8 580 1110 
24 7000053 35082 5 54 8 594 1086 
25 15305 625 5 54 8 513 1073 
26 15436 1007 5 54 8 557 899 
27 7000062 35106 54 54 8 482 1008 
28 15507 1261 54 54 8 444 1019 
29 15102 -1 -1 54 8 385 879 
30 7000059 35091 54 54 8 470 1051 
31 15070 150 20 20 8 387 970 
32 15107 177 20 20 8 398 878 
33 15143 201 20 20 8 413 1046 
34 15243 363 20 20 8 441 917 
35 15245 372 20 20 8 441 1008 
36 15161 213 20 20 8 455 957 
37 7000031 35037 20 20 8 609 979 
38 15438 1013 5 5 8 534 862 
39 15580 -1 -1 5 8 572 1016 
40 15435 1004 5 5 8 535 950 
41 15422 980 5 5 8 523 1018 
42 15559 1370 5 5 8 568 1058 
43 15358 762 20 20 8 471 1015 
44 15369 792 10 10 8 465 939 
45 15459 1067 10 10 8 496 1001 
46 15486 1116 10 10 8 506 986 
47 7000065 35109 10 10 8 579 974 
48 15112 183 10 10 8 435 914 
49 2158 1168 57 57 8 430 924 
50 15550 1254 57 57 8 459 923 
51 15568 1256 57 57 8 479 1126 
52 14340 291 50 57 8 490 895 
53 15479 811 50 57 8 523 903 
54 7000018 -1 -1 57 8 546 832 
55 15535 1251 57 57 8 451 990 
56 15450 779 50 57 8 512 909 
57 7000011 1885 50 57 8 538 1019 
58 15476 -1 -1 57 8 520 944 
59 15062 144 10 10 8 374 892 
60 2047 1173 58 58 8 413 936 
61 15467 1085 54 54 8 433 956 
62 15589 1460 54 54 8 453 987 
63 15428 992 5 54 8 538 899 
64 15076 246 10 10 12 403 861 
65 15555 -1 -1 5 8 559 976 
66 7000007 1844 20 20 8 610 1115 
67 2167 1235 57 57 8 445 993 
68 7000008 1841 57 57 12 490 1081 
69 15612 1823 57 35 8 536 1071 
70 15173 228 10 10 8 452 1032 
71 15460 1070 20 20 8 524 1039 
72 15017 -1 -1 5 8 414 976 
73 15376 810 5 5 12 476 846 
74 15558 1364 10 10 8 507 912 
75 15409 944 20 20 8 495 748 
76 15431 995 20 20 8 494 793 
77 15516 1286 20 20 8 592 788 
78 15611 1817 20 20 8 561 1196 
79 14417 117 20 20 8 366 1017 
80 7000056 -1 -1 35 8 542 1052 
81 15566 1255 57 57 8 465 1113 
82 7000054 -1 -1 58 8 467 932 
83 7000013 1849 58 58 12 455 1023 
84 15526 1246 57 57 12 577 922 
85 15598 815 50 57 8 549 974 
86 15110 180 5 5 8 416 918 
87 10228 54 5 5 8 427 885 
88 15151 207 5 5 8 457 1041 
89 15223 276 5 5 8 490 1056 
90 15274 561 5 5 8 504 998 
91 15213 270 5 5 8 476 998 
92 15432 998 5 5 8 529 969 
93 15347 734 5 5 8 512 963 
94 15405 938 5 5 8 555 1072 
95 2001 1152 57 57 12 435 876 
96 2120 1206 57 57 12 451 873 
97 15606 1496 57 57 12 479 897 
98 14347 300 50 57 8 496 944 
99 7000045 -1 -1 57 8 558 884 
100 2057 1182 58 58 8 422 976 
101 2072 1301 58 58 8 439 1000 
102 2006 1147 58 58 8 366 1010 
103 2023 1164 58 58 8 388 1024 
104 15414 962 35 35 8 433 944 
105 15547 1355 35 35 8 455 941 
106 15582 1442 57 35 8 511 1012 
107 15176 231 20 20 8 428 839 
108 2068 1289 58 58 12 436 851 
109 7000067 -1 -1 58 12 482 1060 
110 2040 1170 58 58 8 407 1091 
111 2019 1148 58 58 8 378 918 
112 15560 1379 58 58 8 444 921 
113 2022 1161 58 58 8 378 923 
114 15392 892 35 35 8 415 1008 
115 15457 1061 35 35 8 433 946 
116 15553 1358 35 35 8 472 921 
117 15578 1427 35 35 8 483 990 
118 7000041 -1 -1 35 8 497 1043 
119 15588 1457 57 35 8 515 1015 
120 15217 841 35 35 8 405 961 
121 15162 216 5 5 8 445 608 
122 15138 195 5 5 8 434 1057 
123 7000052 35076 20 20 8 278 298 
124 15605 1497 57 35 8 521 969 
125 15150 342 35 35 8 378 834 
126 15343 725 35 35 8 406 1006 
127 2149 1221 57 57 8 438 940 
128 2026 1165 58 58 12 402 1016 
129 15615 818 50 57 8 534 871 
130 15521 1310 5 5 8 590 1041 
131 15346 733 5 5 12 455 778 
132 15515 1283 5 5 8 932 1029 
133 7000063 35103 20 20 8 1370 114