8
104
120
123
0 2489 5 135.0 
1 2490 10 111.0 
2 2491 20 87.0 
3 2492 35 75.0 
4 2493 50 75.0 
5 2494 54 70.0 
6 2495 57 90.0 
7 2496 58 90.0 
0 933381 000858 1784 57 660.00 79.50 
1 933895 104500 501 20 625.00 161.00 
2 934921 100373 943 58 750.00 7.50 
3 935959 000785 2224 10 920.00 11.00 
4 928797 070149 935 54 480.00 53.00 
5 935454 104831 86 57 480.00 92.50 
6 932899 010875 320 35 420.00 81.50 
7 935469 102625 153 57 600.00 21.00 
8 935987 103685 2227 58 660.00 23.00 
9 935481 100878 122 10 750.00 18.50 
10 932933 100060 96 54 480.00 10.00 
11 935496 COD 2161 58 930.00 2.00 
12 935002 104747 2083 58 840.00 17.00 
13 932458 104686 1622 54 765.00 46.00 
14 930929 104747 1328 58 420.00 8.00 
15 933493 102219 1798 10 750.00 10.00 
16 934006 104222 1583 57 750.00 108.00 
17 930935 104747 1330 58 465.00 8.00 
18 935559 102625 153 57 585.00 5.00 
19 935566 102893 1461 35 810.00 6.00 
20 934543 101843 1475 10 840.00 8.00 
21 929425 104224 1053 35 540.00 7.50 
22 935058 023155 2093 20 630.00 7.00 
23 935579 104686 1702 54 420.00 3.00 
24 934044 102183 959 50 870.00 1.50 
25 935586 001234 2169 57 540.00 3.50 
26 933542 104269 235 20 745.00 39.00 
27 935078 COD 2097 58 900.00 26.00 
28 929460 003390 170 57 870.00 22.50 
29 936116 003390 1006 54 840.00 7.50 
30 936117 101247 2241 58 840.00 2.00 
31 925367 104706 278 5 690.00 80.00 
32 935613 104604 2175 50 750.00 30.50 
33 934081 104686 68 35 750.00 18.00 
34 932546 104401 438 10 750.00 56.00 
35 935619 002323 2177 35 450.00 4.00 
36 936129 104747 2243 58 515.00 3.50 
37 933573 103553 1816 10 660.00 12.50 
38 934603 104874 991 10 450.00 52.50 
39 936139 104905 2244 57 660.00 8.00 
40 936140 104905 2245 57 690.00 12.00 
41 934623 100229 2019 57 660.00 47.50 
42 935647 104054 33 57 480.00 15.00 
43 935648 103505 2180 57 540.00 6.00 
44 935649 102219 2181 20 510.00 19.50 
45 935145 000785 2104 10 840.00 14.00 
46 933106 104815 94 10 480.00 244.00 
47 936181 103820 2217 54 600.00 4.00 
48 936185 100333 2253 57 720.00 19.50 
49 935673 104686 177 20 480.00 8.00 
50 934650 001386 2021 35 480.00 98.50 
51 935676 102167 1770 57 660.00 16.00 
52 933636 104590 0 54 840.00 32.00 
53 934665 COD 2022 50 420.00 186.00 
54 935179 104841 2106 35 660.00 15.50 
55 933147 104892 1748 54 660.00 31.50 
56 934686 104284 1966 35 630.00 95.00 
57 934185 104896 295 58 420.00 114.50 
58 936234 002453 1749 35 900.00 6.00 
59 934701 104909 2026 35 810.00 13.50 
60 932654 103762 1658 10 420.00 18.00 
61 935224 001933 2113 50 750.00 5.00 
62 934719 104284 2031 35 870.00 47.00 
63 935744 003483 2188 10 870.00 7.00 
64 935750 104256 325 58 750.00 8.00 
65 933196 104066 1755 58 480.00 23.00 
66 934223 002518 1949 35 450.00 13.00 
67 936271 101066 2267 54 960.00 3.00 
68 935769 104510 2190 35 810.00 12.00 
69 932698 000785 1358 10 900.00 11.00 
70 936293 101309 2272 35 840.00 2.50 
71 935786 104831 85 57 600.00 90.50 
72 933742 002195 1854 58 630.00 11.00 
73 936302 COD 1916 50 600.00 2.00 
74 935282 101134 2120 58 840.00 8.00 
75 936308 103762 2274 10 570.00 8.00 
76 934779 104820 2045 50 780.00 56.00 
77 933246 104649 600 10 510.00 71.00 
78 932738 000785 1671 10 630.00 6.50 
79 933764 104686 1859 54 480.00 91.00 
80 933255 104649 600 58 450.00 113.00 
81 933767 104778 57 58 780.00 10.50 
82 935815 103867 2100 35 540.00 13.00 
83 935818 023155 2200 50 870.00 7.00 
84 931222 103338 1375 54 450.00 14.00 
85 935837 003390 2203 57 900.00 10.50 
86 936358 103762 2282 54 780.00 24.00 
87 934838 036960 1691 20 780.00 48.00 
88 935351 002082 1762 57 450.00 39.50 
89 936375 101727 2287 35 870.00 2.00 
90 934843 103765 2054 35 450.00 13.00 
91 927678 104706 278 20 540.00 41.00 
92 934852 101685 2057 35 780.00 31.00 
93 935376 103723 172 35 480.00 3.50 
94 934871 000785 2059 54 660.00 22.00 
95 935895 003390 2212 54 900.00 6.00 
96 926689 104320 534 10 600.00 18.00 
97 934881 103389 2061 58 690.00 13.50 
98 935403 103723 2141 50 750.00 8.00 
99 935404 104830 681 54 840.00 8.50 
100 935920 002859 2219 58 840.00 2.00 
101 925170 104706 278 20 450.00 40.50 
102 935411 COD 2143 57 450.00 60.50 
103 934392 104345 1976 54 810.00 78.00 
0 0 79.50 30 25 3 
1 1 138.00 35 16 10.23 
2 1 22.00 35 16 10.23 
3 1 1.00 35 16 10.23 
4 2 7.50 12 20 3 
5 3 11.00 35 40 3.57 
6 4 53.00 35 26 7.7 
7 5 92.50 10 20 3 
8 6 32.00 25 28 3 
9 6 49.50 25 28 3 
10 7 21.00 32 35 3 
11 8 15.50 35 30 3 
12 8 7.50 35 30 3 
13 9 8.00 40 45 14.07 
14 9 10.50 40 45 14.07 
15 10 10.00 25 30 3.07 
16 11 2.00 35 50 3 
17 12 11.00 50 45 3 
18 12 6.00 50 45 3 
19 13 46.00 15 30 4.73 
20 14 6.00 22 89 3 
21 14 2.00 22 89 3 
22 15 10.00 25 40 4.5 
23 16 108.00 35 15 3 
24 17 6.00 22 45 3 
25 17 2.00 22 45 3 
26 18 5.00 32 35 3 
27 19 6.00 25 40 3 
28 20 8.00 30 60 3 
29 21 7.50 35 60 3 
30 22 7.00 35 60 8.9 
31 23 3.00 35 60 3 
32 24 1.50 35 38 3 
33 25 3.50 30 55 3 
34 26 1.50 30 15 4.6 
35 26 37.50 30 15 4.6 
36 27 26.00 51 30 3 
37 28 22.50 30 35 3 
38 29 6.50 25 30 3.9 
39 29 1.00 25 30 3.9 
40 30 2.00 20 45 3 
41 31 80.00 35 15 16.47 
42 32 30.50 35 15 3 
43 33 18.00 35 15 3 
44 34 20.00 30 30 13.67 
45 34 36.00 30 30 13.67 
46 35 4.00 25 45 3 
47 36 3.50 25 45 3 
48 37 12.50 35 40 2.83 
49 38 52.50 40 30 14.87 
50 39 8.00 25 60 3 
51 40 12.00 30 60 3 
52 41 47.50 15 30 3 
53 42 15.00 35 30 3 
54 43 6.00 35 20 3 
55 44 19.50 25 30 11.6 
56 45 14.00 40 15 3 
57 46 244.00 30 16 12.5 
58 47 4.00 30 60 3 
59 48 19.50 45 15 3 
60 49 8.00 20 60 3 
61 50 98.50 12 35 3 
62 51 16.00 35 60 3 
63 52 32.00 20 30 4.47 
64 53 186.00 35 12 3 
65 54 15.50 25 90 3 
66 55 31.50 15 35 3 
67 56 95.00 15 15 3 
68 57 110.00 30 20 3 
69 57 4.50 30 20 3 
70 58 6.00 35 30 3 
71 59 13.50 28 45 3 
72 60 18.00 30 25 3 
73 61 5.00 35 15 3 
74 62 47.00 25 15 3 
75 63 7.00 40 60 3 
76 64 8.00 15 25 3 
77 65 15.00 25 40 3 
78 65 8.00 25 40 3 
79 66 5.50 15 60 3 
80 66 7.50 15 60 3 
81 67 3.00 40 60 3 
82 68 12.00 10 13 3 
83 69 11.00 35 40 13.18 
84 70 2.50 30 45 3 
85 71 90.50 25 17 3 
86 72 11.00 40 60 3 
87 73 2.00 35 30 3 
88 74 8.00 45 45 3 
89 75 8.00 35 60 3 
90 76 56.00 20 10 3 
91 77 71.00 35 30 9.6 
92 78 6.50 30 60 3 
93 79 91.00 15 15 9.87 
94 80 113.00 25 30 3 
95 81 10.50 35 22 3 
96 82 13.00 35 25 3 
97 83 7.00 22 35 3 
98 84 14.00 25 60 3 
99 85 10.50 20 35 3 
100 86 24.00 30 20 6.1 
101 87 48.00 5 20 6.23 
102 88 16.00 35 15 3 
103 88 23.50 35 15 3 
104 89 2.00 35 20 3 
105 90 10.50 30 45 3 
106 90 2.50 30 45 3 
107 91 41.00 50 30 9.43 
108 92 31.00 35 15 3 
109 93 3.50 25 35 3 
110 94 22.00 35 60 3 
111 95 6.00 25 60 3 
112 96 18.00 20 30 6.4 
113 97 13.50 45 15 3 
114 98 8.00 30 40 3 
115 99 8.50 25 20 13.95 
116 100 2.00 50 60 3 
117 101 40.50 50 15 12.47 
118 102 60.50 30 15 3 
119 103 78.00 25 20 8.5 
0 14417 117 20 20 8 381 939 
1 15070 150 20 20 8 398 937 
2 15107 177 20 20 8 419 899 
3 15143 201 20 20 8 433 939 
4 15176 231 20 20 8 442 996 
5 15245 372 20 20 8 450 1054 
6 15243 363 20 20 8 453 1010 
7 7000053 35082 5 20 8 707 1029 
8 15580 -1 -1 20 8 710 1084 
9 15611 1817 20 20 8 584 965 
10 15607 1499 5 20 8 699 1030 
11 15161 213 20 20 8 477 1101 
12 7000069 35115 20 20 8 618 1133 
13 15428 992 5 10 8 564 1027 
14 15515 1283 5 10 8 594 1018 
15 15423 983 10 10 8 464 952 
16 15431 995 20 20 8 487 1060 
17 7000007 1844 20 20 8 598 1085 
18 15451 1052 20 20 8 500 986 
19 15589 1460 54 54 8 433 1016 
20 15017 -1 -1 54 8 468 1057 
21 15213 270 5 54 8 502 987 
22 15347 734 5 54 8 546 1004 
23 15435 1004 5 54 8 546 1048 
24 7000059 35091 54 54 8 439 1067 
25 15432 998 5 54 8 534 1065 
26 15162 216 5 54 8 487 1045 
27 15578 1427 35 35 8 492 928 
28 15582 1442 57 57 8 472 1191 
29 15550 1254 57 57 8 457 990 
30 15612 1823 57 57 8 496 1020 
31 2019 1148 58 58 8 386 1032 
32 15560 1379 58 58 8 482 985 
33 2040 1170 58 58 8 440 910 
34 15507 1261 54 54 8 410 1003 
35 15274 561 5 54 8 498 984 
36 15488 1125 10 10 8 472 1063 
37 15369 792 10 10 8 458 1064 
38 15173 228 10 10 8 437 932 
39 7000065 35109 10 10 8 523 981 
40 15076 246 10 10 12 411 998 
41 7000026 35022 10 10 8 489 1051 
42 7000029 35028 10 10 8 497 1093 
43 15083 156 10 10 8 384 1017 
44 15228 279 5 10 8 586 962 
45 15150 342 35 35 8 384 955 
46 15217 841 35 35 8 409 984 
47 15414 962 35 35 8 454 1040 
48 15562 1385 35 35 8 481 982 
49 15392 892 35 35 8 433 937 
50 7000032 -1 -1 35 8 520 941 
51 15577 1424 35 35 8 480 1000 
52 15457 1061 35 35 8 455 939 
53 7000041 -1 -1 35 8 500 1020 
54 15151 207 5 54 8 502 947 
55 15277 570 10 10 8 448 1036 
56 14411 123 5 10 12 513 955 
57 10124 126 5 10 12 530 955 
58 15246 375 5 10 12 548 961 
59 15376 810 5 10 12 567 1060 
60 15377 813 5 10 12 589 1070 
61 15346 733 5 10 12 600 945 
62 15559 1370 5 10 8 658 1059 
63 15223 276 5 54 8 513 1079 
64 7000062 35106 54 54 8 455 1045 
65 15521 1310 5 54 8 551 1080 
66 2047 1173 58 58 8 449 1006 
67 7000054 -1 -1 58 8 496 993 
68 2022 1161 58 58 8 400 1027 
69 15446 1031 10 10 8 467 1044 
70 15542 1346 5 10 8 639 1024 
71 700013 -1 -1 58 12 503 1057 
72 15112 183 10 10 8 394 973 
73 2023 1164 58 58 8 415 790 
74 2072 1301 58 58 8 462 981 
75 2006 1147 58 58 8 381 1006 
76 2068 1289 58 58 12 478 973 
77 2026 1165 58 58 12 430 917 
78 7000056 -1 -1 57 8 519 1035 
79 14347 300 50 50 8 382 927 
80 2149 1221 57 57 8 435 922 
81 15535 1251 57 57 8 607 1071 
82 15568 1256 57 57 8 490 1191 
83 15476 -1 -1 50 8 411 994 
84 15588 1457 57 57 8 481 1071 
85 7000066 35112 10 10 8 554 1095 
86 15436 1007 5 54 8 558 964 
87 15405 938 5 54 8 531 1064 
88 15358 762 20 20 8 465 1026 
89 15555 -1 -1 10 8 639 999 
90 15398 912 54 54 8 385 1041 
91 10228 54 5 54 8 645 1107 
92 15460 1070 20 20 8 573 931 
93 15516 1286 20 20 8 584 982 
94 7000052 35076 20 20 8 612 1101 
95 7000063 35103 20 20 8 606 1161 
96 15409 944 20 20 8 567 1050 
97 15606 1496 57 57 12 490 1006 
98 2120 1206 57 57 12 446 900 
99 2001 1152 57 57 12 416 946 
100 15421 -1 -1 57 8 507 1071 
101 15605 1497 57 57 8 490 1071 
102 7000008 1841 57 57 12 507 1191 
103 15615 818 50 50 8 439 953 
104 15553 1358 35 35 8 481 997 
105 15539 1343 35 35 8 455 910 
106 2057 1182 58 58 8 456 1041 
107 15408 941 35 35 8 434 932 
108 15383 834 20 20 12 759 993 
109 7000042 35055 20 20 12 764 1044 
110 15343 725 35 35 8 409 975 
111 14340 291 50 50 8 373 868 
112 15450 779 50 50 8 402 893 
113 15479 811 50 50 8 417 986 
114 15598 815 50 50 8 427 867 
115 7000011 1885 50 50 8 451 944 
116 7000038 35046 50 50 8 459 862 
117 7000045 -1 -1 50 8 474 986 
118 15401 926 5 10 8 551 1023 
119 2158 1168 57 57 8 415 869 
120 2167 1235 57 57 8 449 850 
121 15526 1246 57 57 12 457 849 
122 15566 1255 57 57 8 464 974