Drivers:       148
  0    15176 350          -1  4  8  420
  1    15409 312          -1  4  8  480
  2    15431 363          -1  4  8  480
  3    15516 385          -1  4  8  540
  4    15611 092          -1  4  8  480
  5  7000063 190          -1  4  8  540
  6    15460 343          -1  4  8  480
  7  7000052 135          -1  4  8  540
  8  7000031 026          -1  4  8  540
  9    14417 437          -1  4  8  360
 10    15358 310          -1  4  8  480
 11    15070 426          -1  4  8  360
 12    15161 097          -1  4  8  660
 13  7000069 189          -1  4  8  540
 14  7000007 090          -1  4  8  540
 15    15138 450          -1  1  8  360
 16    15213 249          -1  1  8  360
 17    15223 320          -1  1  8  420
 18    15401 461          -1  1  8  420
 19    15432 392          -1  1  8  480
 20    15438 361          -1  1  8  480
 21    15151 259          -1  1  8  360
 22    15435 388          -1  1  8  480
 23    15542 521          -1  1  8  480
 24    15568 822          -1  6  8  420
 25    15588 828          -1  6  8  420
 26  7000056 143          -1  6  8  480
 27     2158 377          -1  6  8  360
 28    15582 032          -1  6  8  420
 29    15612 371          -1  6  8  480
 30    15535 470          -1  6  8  360
 31    15566 830          -1  6  8  420
 32    15392 463          -1  0  8  360
 33    15539 155          -1  0  8  420
 34    15562 140          -1  0  8  420
 35    15274 379          -1  1  8  420
 36    15436 382          -1  1  8  480
 37    15521 098          -1  1  8  480
 38    15515 342          -1  1  8  480
 39    15559 025          -1  1  8  780
 40    15243 449          -1  4  8  480
 41    15107 367          -1  4  8  360
 42    15451 383          -1  4  8  480
 43     2149 831          -1  6  8  360
 44    15102 349          -1  5  8  360
 45    15398 462          -1  5  8  420
 46    15507 384          -1  5  8  420
 47    15589 156          -1  5  8  420
 48  7000062 035          -1  5  8  420
 49    15143 370          -1  5  8  480
 50    15228 340          -1  5  8  480
 51  7000066 018          -1  5  8  480
 52    15428 362          -1  5  8  480
 53    15467 467          -1  5  8  420
 54    15405 381          -1  5  8  480
 55    15422 321          -1  5  8  480
 56    15457 150          -1  0  8  420
 57     2072 176          -1  7  8  420
 58     2040 531          -1  7  8  420
 59     2057 529          -1  7  8  420
 60    15560 528          -1  7  8  480
 61    15110 440          -1  1  8  360
 62    15446 389          -1  2  8  420
 63    15486 313          -1  2  8  420
 64  7000029 390          -1  2  8  420
 65        1 0187__PI     -1  2  8  480
 66        1 710NEPVE     -1  2  8  540
 67     2006 448          -1  7  8  360
 68     2019 294          -1  7  8  360
 69        1 5018JDMI     -1  7  8  480
 70        1 301_VAIL     -1  7  8  540
 71        1 104_VAIL     -1  7  8  540
 72     2022 099          -1  7  8  360
 73     2023 548          -1  7  8  360
 74        1 35BLAIN      -1  7  8  540
 75    15305 464          -1  1  8  540
 76    15347 307          -1  1  8  420
 77    15580 029          -1  1  8  540
 78    15369 148          -1  2  8  540
 79    15173 311          -1  2  8  360
 80    15423 366          -1  2  8  360
 81    15017 263          -1  1  8  360
 82  7000053 024          -1  1  8  540
 83    15488 391          -1  2  8  420
 84  7000065 200          -1  2  8  480
 85        1 77BLAIN      -1  7  8  480
 86    15214 319          -1  2  8  360
 87        1 107_DUV      -1  7  8  540
 88    15112 486          -1  2  8  360
 89    15103 344          -1  2  8  360
 90        1 17314IMP     -1  2  8  480
 91        1 702NEPVE     -1  2  8  480
 92    15083 460          -1  2  8  360
 93  7000026 369          -1  2  8  420
 94    15559 315          -1  1  8  540
 95    15245 308          -1  4  8  420
 96    15408 455          -1  0  8  360
 97    14340 482          -1  3  8  420
 98    14347 469          -1  3  8  420
 99    15450 346          -1  3  8  420
100    15476 378          -1  3  8  480
101    15479 347          -1  3  8  480
102    15615 324          -1  3  8  540
103  7000038 157          -1  3  8  540
104  7000045 456          -1  3  8  540
105  7000018 435          -1  3  8  540
106    15605 807          -1  6  8  480
107  7000011 325          -1  3  8  540
108    15614 138          -1  0  8  480
109    15343 300          -1  0  8  360
110    15217 454          -1  0  8  360
111    15414 323          -1  0  8  360
112    10228 368          -1  1  8  360
113    15607 188          -1  1  8  540
114  7000032 246          -1  0  8  480
115    15553 096          -1  0  8  420
116    15547 345          -1  0  8  420
117    15150 301          -1  0  8  360
118    15578 037          -1  0  8  480
119     2047 536          -1  7  8  420
120        1 703NEPVE     -1  2  8  480
121     2120 836          -1  6 12  420
122    15526 844          -1  6 12  420
123    15606 068          -1  6 12  420
124  7000008 053          -1  6 12  480
125        1 708NEPVE     -1  6 12  540
126        1 707NEPVE     -1  6 12  540
127     2001 867          -1  6 12  420
128        1 215_MD       -1  6 12  540
129  7000067 430          -1  7 12  480
130    14411 532          -1  1 12  420
131    10124 542          -1  1 12  480
132    15246 296          -1  1 12  480
133    15346 524          -1  1 12  480
134    15376 298          -1  1 12  540
135    15377 065          -1  1 12  540
136        1 6401_BEL     -1  2 12  480
137        1 6402_BEL     -1  2 12  480
138        1 6405BEL      -1  2 12  540
139    15076 537          -1  2 12  360
140  7000042 049          -1  2 12  420
141        1 6406_BEL     -1  2 12  480
142    15383 160          -1  2 12  420
143     2026 429          -1  7 12  420
144     2068 468          -1  7 12  420
145  7000013 478          -1  7 12  420
146  7000013 476          -1  7 12  600
147        1 706NEPVE     -1  6 12  540
Clients:  113 4080.0
  0 933755 101051  583  0  480   1.0  1 
  1 933050 002884 1730  1  900   2.0  1 
  2 933197 104622 1759  6  750   2.0  1 
  3 933063 101213 1735  6  900   3.0  1 
  4 933143 104442  686  1  960   3.0  1 
  5 933311 104627 1776  2  735   3.0  1 
  6 931619 104185 1442  6  420   3.5  1 
  7 933455 104312 1792  4  900   3.5  1 
  8 931235 104830  681  2  870   4.0  1 
  9 933824 104129 1874  0  600   4.0  1 
 10 933947 102455 1898  0  660   5.5  1 
 11 932497 100510 1629  0  540   6.0  1 
 12 933180 104066 1755  7  480   6.0  1 
 13 928048 100131  802  6  720   6.5  1 
 14 933732 103398 1853  7  780   6.5  1 
 15 929007 104835  248  6  915   7.0  1 
 16 933771 102625  153  6  480   7.0  1 
 17 933797 103919 1868  0  660   7.0  1 
 18 933843 103352  690  1  930   7.0  1 
 19 934050 000857 1917  6  600   7.0  1 
 20 933048 104097 1332  7  750   7.5  1 
 21 932082 101012  412  2  720   8.0  1 
 22 932216 103062 1569  5  870   8.0  1 
 23 932228 101951   10  6  540   8.0  1 
 24 932919 104557 1704  0  450   8.0  1 
 25 931861 002658 1492  6  420   7.5  1 
 26 932559 002658 1557  0  420   2.5  1 
 27 933649 103602 1836  0  420  10.0  1 
 28 932686 001938    4  0  780  11.0  1 
 29 933302 101820 1773  0  420  12.0  1 
 30 933745 100412  308  1  930  12.5  1 
 31 930492 103949  905  2  840  13.0  1 
 32 930638 101247 1270  7  780  13.0  1 
 33 931738 102893 1461  0  810  13.0  1 
 34 932184 101386 1562  0  750   9.0  1 
 35 932186 101386 1563  0  840   5.0  1 
 36 931927 100373  470  7  750  15.0  1 
 37 933164 102219 1752  6  840   7.5  1 
 38 933165 102219   80  6  750   7.5  1 
 39 930750 104815   94  2  690  16.0  1 
 40 932081 104841 1534  7  660  16.0  1 
 41 931734 023155  865  0  540  21.0  1 
 42 932139 001460 1553  6  810  21.0  1 
 43 932941 104602 1709  0  600  23.0  1 
 44 927803 000858  388  6  630  24.0  1 
 45 933606 103976 1830  7  840  24.0  1 
 46 932320 104844 1590  5  825  26.0  1 
 47 932323 COD 1591  7  510   1.5  1 
 48 932340 COD 1599  6  900   4.0  1 
 49 932944 COD 1195  0  540  18.5  1 
 50 934049 COD 1916  6  600   2.0  1 
 51 928902 102309  948  0  450   7.0  1 
 52 933240 102309 1765  0  900  21.0  1 
 53 933609 104590    0  4  780  32.0  2 
 54 929639 000164 1091  7  900  37.0  1 
 55 933008 104262  141  7  750  37.0  1 
 56 932840 036960 1692  4  840  40.0  1 
 57 930580 003483  146  5  685  44.0  2 
 58 933251 102838 1766  0  900  44.0  1 
 59 931120 000785  137  2  900   8.0  1 
 60 931569 000785 1179  2  900   4.0  1 
 61 931815 000785 1478  1  810  21.0  1 
 62 932366 000785 1164  2  600   7.0  1 
 63 932378 000785 1607  5  900   4.0  1 
 64 932730 000785 1179  1  630   3.0  1 
 65 930181 104401  438  1  750  48.0  1 
 66 927724 003350  619  4  675  56.0  1 
 67 933015 002988 1726  0  660  56.0  1 
 68 929464 003390 1062  4  840  37.5  1 
 69 931067 003390 1008  4  870  24.0  1 
 70 932353 103723  653  3  585  40.0  1 
 71 933829 103723 1876  4  870  24.0  1 
 72 930586 103338 1258  2  415  65.0  2 
 73 932342 104345 1601  2  840  67.0  1 
 74 932976 002518 1719  0  900  44.0  1 
 75 932978 002518 1721  0  810  26.5  1 
 76 932609 001971 1642  6  780  73.5  1 
 77 932643 103762  417  2  420  38.0  1 
 78 934094 103762 1922  2  555   5.0  1 
 79 934160 103762 1653  2  615  32.0  2 
 80 924624 104269  235  4  595  96.5  3 
 81 933902 104269   79  4  420   7.5  1 
 82 930534 104649  600  7  450  75.0  1 
 83 930537 104649  600  7  450  39.0  1 
 84 925160 104706  278  1  450  39.0  1 
 85 925356 104706  278  1  690  39.5  1 
 86 927669 104706  278  1  540  42.0  1 
 87 931502 103867 1376  6  450 124.5  1 
 88 922542 070149   74  4  480  84.0  1 
 89 932887 070149  364  2  540  87.5  3 
 90 933248 070149   84  2  480  18.0  1 
 91 933549 070149 1310  1  420   1.5  1 
 92 930130 002195    5  7  450 187.0  1 
 93 933844 002195    5  7  475   9.0  2 
 94 926946 104054   33  6  480 226.0  1 
 95 932290 104054 1585  1  420  14.0  1 
 96 930048 103772 1171  2  445 246.0  5 
 97 929951 104778   57  1  480 279.5  1 
 98 931548 104834   87  4  480 317.0  2 
 99 928731 104484  350  5  450 349.0  1 
100 927565 104686   56  0  450  18.0  1 
101 927574 104686   55  1  480   8.0  1 
102 929855 104686 1082  5  450   7.0  1 
103 930165 104686  610  1  600   9.0  1 
104 930195 104686 1082  5  510  20.0  1 
105 930299 104686 1212  1  810  64.0  1 
106 930631 104686  162  0  840   4.0  1 
107 931337 104686 1390  2  420  84.0  1 
108 931359 104686   63  1  570  33.5  2 
109 931480 104686 1415  4  420  52.0  1 
110 932293 104686  179  4  540  20.0  1 
111 932298 104686 1586  1  420  60.0  1 
112 933023 104686  340  4  960   4.0  1 
Orders:  128  
  0   0   1.0 
  1   1   2.0 
  2   2   2.0 
  3   3   3.0 
  4   4   3.0 
  5   5   3.0 
  6   6   3.5 
  7   7   3.5 
  8   8   4.0 
  9   9   4.0 
 10  10   5.5 
 11  11   6.0 
 12  12   6.0 
 13  13   6.5 
 14  14   6.5 
 15  15   7.0 
 16  16   7.0 
 17  17   7.0 
 18  18   7.0 
 19  19   7.0 
 20  20   7.5 
 21  21   8.0 
 22  22   8.0 
 23  23   8.0 
 24  24   8.0 
 25  25   7.5 
 26  26   2.5 
 27  27  10.0 
 28  28  11.0 
 29  29  12.0 
 30  30  12.5 
 31  31  13.0 
 32  32  13.0 
 33  33  13.0 
 34  34   9.0 
 35  35   5.0 
 36  36  15.0 
 37  37   7.5 
 38  38   7.5 
 39  39  16.0 
 40  40  16.0 
 41  41  21.0 
 42  42  21.0 
 43  43  23.0 
 44  44  24.0 
 45  45  24.0 
 46  46  26.0 
 47  47   1.5 
 48  48   4.0 
 49  49  18.5 
 50  50   2.0 
 51  51   7.0 
 52  52  21.0 
 53  53   8.0 
 54  53  24.0 
 55  54  37.0 
 56  55  37.0 
 57  56  40.0 
 58  57   1.0 
 59  57  43.0 
 60  58  44.0 
 61  59   8.0 
 62  60   4.0 
 63  61  21.0 
 64  62   7.0 
 65  63   4.0 
 66  64   3.0 
 67  65  48.0 
 68  66  56.0 
 69  67  56.0 
 70  68  37.5 
 71  69  24.0 
 72  70  40.0 
 73  71  24.0 
 74  72   1.0 
 75  72  64.0 
 76  73  67.0 
 77  74  44.0 
 78  75  26.5 
 79  76  73.5 
 80  77  38.0 
 81  78   5.0 
 82  79   2.0 
 83  79  30.0 
 84  80   1.5 
 85  80  19.0 
 86  80  76.0 
 87  81   7.5 
 88  82  75.0 
 89  83  39.0 
 90  84  39.0 
 91  85  39.5 
 92  86  42.0 
 93  87 124.5 
 94  88  84.0 
 95  89  16.0 
 96  89  28.0 
 97  89  43.5 
 98  90  18.0 
 99  91   1.5 
100  92 187.0 
101  93   1.0 
102  93   8.0 
103  94 226.0 
104  95  14.0 
105  96   1.0 
106  96   2.0 
107  96   7.0 
108  96  34.0 
109  96 202.0 
110  97 279.5 
111  98  80.0 
112  98 237.0 
113  99 349.0 
114 100  18.0 
115 101   8.0 
116 102   7.0 
117 103   9.0 
118 104  20.0 
119 105  64.0 
120 106   4.0 
121 107  84.0 
122 108   2.0 
123 108  31.5 
124 109  52.0 
125 110  20.0 
126 111  60.0 
127 112   4.0 
Plants:   8
 0 2492 35  75 
 1 2489  5 135 
 2 2490 10 111 
 3 2493 50  75 
 4 2491 20  87 
 5 2494 54  70 
 6 2495 57  90 
 7 2496 58  90