8
5
8
13
0 2489 5 135.0 
1 2490 10 111.0 
2 2491 20 87.0 
3 2492 35 75.0 
4 2493 50 75.0 
5 2494 54 70.0 
6 2495 57 90.0 
7 2496 58 90.0 
0 925444 104686 68 5 420 12 1
1 928300 103762 850 5 660 13 1
2 927569 003483 146 5 445 221 4
3 927089 104686 617 5 600 3 1
4 928061 104686 807 5 540 18 1
0 0 12 35 15 3 
1 1 13 45 25 3 
2 2 1 15 13 6.83 
3 2 194 15 13 6.83 
4 2 23 15 13 6.83 
5 2 3 15 13 6.83 
6 3 3 30 60 3 
7 4 18 35 15 3 
0 15398 912 54 5 8 362 886 
1 15467 1085 54 5 8 378 873 
2 15431 995 20 5 8 423 947 
3 7000030 35031 5 5 8 482 747 
4 15422 980 5 5 8 504 917 
5 7000059 35091 54 5 8 411 916 
6 7000063 35103 20 5 8 418 947 
7 7000031 35037 20 5 8 431 947 
8 15161 213 20 5 8 458 683 
9 7000069 35115 20 5 8 456 947 
10 15555 -1 -1 5 8 477 918 
11 15405 938 5 5 8 513 854 
12 7000029 35028 10 5 8 494 789