8
40
43
78
0 2489 5 135.0 
1 2490 10 111.0 
2 2491 20 87.0 
3 2492 35 75.0 
4 2493 50 75.0 
5 2494 54 70.0 
6 2495 57 90.0 
7 2496 58 90.0 
0 927105 104846 623 10 450.00 17.00 
1 929281 104686 341 54 480.00 73.00 
2 930567 102526 414 5 780.00 1.00 
3 926599 104118 517 58 660.00 30.50 
4 923151 104747 106 58 420.00 5.50 
5 923152 104747 107 58 465.00 5.50 
6 930321 101051 1217 35 780.00 4.00 
7 930454 104500 53 54 750.00 19.00 
8 930327 010875 320 35 540.00 3.00 
9 929049 104821 981 54 720.00 30.00 
10 925851 104686 59 54 1380.00 66.00 
11 928926 000785 245 10 490.00 5.00 
12 930466 104490 1234 35 660.00 1.00 
13 926377 104778 57 5 750.00 22.00 
14 929065 100373 943 58 540.00 20.00 
15 929581 104686 177 20 480.00 21.00 
16 925872 100740 370 54 900.00 6.50 
17 926513 103929 508 58 420.00 108.00 
18 930357 104686 1075 5 630.00 3.00 
19 928184 102603 714 5 420.00 245.00 
20 928956 COD 960 58 870.00 5.00 
21 929726 104557 1111 35 600.00 9.50 
22 928964 002195 5 10 660.00 8.50 
23 927429 003390 688 10 600.00 16.00 
24 927430 003390 688 10 840.00 35.00 
25 929861 003483 1132 5 750.00 7.00 
26 929736 001183 138 10 600.00 3.00 
27 930374 023155 865 35 690.00 21.00 
28 930383 104831 799 35 660.00 48.00 
29 925138 104706 278 5 450.00 20.00 
30 930140 104256 126 58 420.00 36.00 
31 927967 104362 785 5 445.00 188.00 
32 930019 104268 1167 5 810.00 2.50 
33 930406 101247 1231 58 450.00 4.50 
34 928234 002988 837 10 645.00 7.50 
35 929642 102164 1092 5 600.00 29.50 
36 927598 104779 315 20 480.00 14.00 
37 927604 104815 94 10 600.00 4.00 
38 930292 104848 1210 10 480.00 12.00 
39 930298 023020 1211 20 660.00 3.50 
0 0 11.00 35 30 3 
1 0 6.00 35 30 3 
2 1 73.00 15 30 6.93 
3 2 1.00 25 60 2.8 
4 3 30.50 10 15 3 
5 4 5.50 25 35 3 
6 5 5.50 25 35 3 
7 6 4.00 25 60 3 
8 7 19.00 20 30 9.37 
9 8 3.00 25 30 3 
10 9 30.00 35 30 1.1 
11 10 66.00 10 15 1.37 
12 11 5.00 22 60 3 
13 12 1.00 24 15 3 
14 13 22.00 20 30 3 
15 14 20.00 8 50 3 
16 15 21.00 25 45 3 
17 16 6.50 20 60 3 
18 17 108.00 35 20 3 
19 18 3.00 35 60 3 
20 19 244.00 20 16 6.9 
21 19 1.00 20 16 6.9 
22 20 5.00 40 60 3 
23 21 9.50 15 45 3 
24 22 8.50 35 60 3 
25 23 16.00 40 30 17.9 
26 24 35.00 45 30 8.2 
27 25 7.00 15 60 3 
28 26 3.00 30 60 3 
29 27 21.00 27 20 3 
30 28 48.00 30 30 3 
31 29 20.00 40 15 3 
32 30 36.00 8 25 3 
33 31 1.00 20 16 13.73 
34 31 187.00 20 16 13.73 
35 32 2.50 35 60 8.63 
36 33 4.50 45 50 3 
37 34 7.50 45 45 17.43 
38 35 29.50 40 20 2.0 
39 36 14.00 45 50 3 
40 37 4.00 30 60 3 
41 38 12.00 40 30 6.53 
42 39 3.50 45 60 3 
0 2019 1148 58 58 8 386 927 
1 2047 1173 58 58 8 431 756 
2 15110 180 5 5 8 407 744 
3 15213 270 5 5 8 433 798 
4 15223 276 5 5 8 447 939 
5 15017 -1 -1 5 8 470 693 
6 15162 216 5 54 8 1 1407 
7 15431 995 20 54 8 24 1419 
8 7000030 35031 5 54 8 35 1432 
9 7000052 35076 20 54 8 50 15 
10 7000063 35103 20 54 8 88 27 
11 15398 912 54 54 8 538 1037 
12 15228 279 5 5 8 456 818 
13 15246 375 5 5 12 424 881 
14 15405 938 5 5 8 486 908 
15 2022 1161 58 58 8 395 812 
16 2040 1170 58 58 8 431 730 
17 2057 1182 58 58 8 438 735 
18 2072 1301 58 58 8 489 740 
19 15560 1379 58 58 8 499 813 
20 7000054 -1 -1 58 8 507 822 
21 2006 1147 58 58 8 376 722 
22 15138 195 5 5 8 433 781 
23 15173 228 10 10 8 548 1057 
24 15446 1031 10 10 8 566 733 
25 15486 1116 10 10 8 591 1077 
26 15062 144 10 10 8 694 836 
27 15083 156 10 10 8 475 956 
28 15112 183 10 10 8 458 992 
29 15277 570 10 10 8 560 1106 
30 15369 792 10 10 8 560 1089 
31 14417 117 20 20 8 422 861 
32 15107 177 20 20 8 477 908 
33 15151 207 5 5 8 424 697 
34 10124 126 5 5 12 424 654 
35 15376 810 5 5 12 442 772 
36 15274 561 5 5 8 467 750 
37 15401 926 5 5 8 480 768 
38 15422 980 5 5 8 488 746 
39 15428 992 5 5 8 507 746 
40 15432 998 5 5 8 513 762 
41 15436 1007 5 5 8 533 800 
42 15438 1013 5 5 8 536 820 
43 15515 1283 5 5 8 552 826 
44 15347 734 5 5 8 472 883 
45 15435 1004 5 5 8 519 882 
46 15305 625 5 5 8 583 834 
47 15377 813 5 5 12 448 864 
48 10228 54 5 5 8 389 896 
49 14411 123 5 5 12 395 852 
50 15346 733 5 5 12 507 810 
51 15459 1067 10 10 8 573 769 
52 15076 246 10 10 12 604 812 
53 15143 201 20 20 8 513 811 
54 15070 150 20 20 8 474 905 
55 15245 372 20 20 8 856 947 
56 2068 1289 58 58 12 448 722 
57 15102 -1 -1 54 8 526 784 
58 15467 1085 54 54 8 541 790 
59 15507 1261 54 54 8 562 883 
60 15589 1460 54 54 8 573 826 
61 7000059 35091 54 54 8 601 905 
62 7000062 35106 54 54 8 635 742 
63 15176 231 20 20 8 553 673 
64 15343 725 35 35 8 589 881 
65 15539 1343 35 35 8 684 744 
66 2026 1165 58 58 12 409 663 
67 7000066 35112 10 10 8 431 581 
68 15243 363 20 20 8 600 801 
69 15150 342 35 35 8 555 833 
70 15414 962 35 35 8 655 855 
71 15457 1061 35 35 8 679 748 
72 15553 1358 35 35 8 703 793 
73 15392 892 35 35 8 623 749 
74 15408 941 35 35 8 655 762 
75 15547 1355 35 35 8 679 779 
76 15217 841 35 35 8 617 884 
77 2023 1164 58 58 8 400 644