8
121
130
130
0 2489 5 135.0 
1 2490 10 111.0 
2 2491 20 87.0 
3 2492 35 75.0 
4 2493 50 75.0 
5 2494 54 70.0 
6 2495 57 90.0 
7 2496 58 90.0 
0 930817 001234 1311 57 780.00 13.50 
1 928777 104856 930 35 450.00 26.00 
2 931346 104490 1392 35 600.00 9.00 
3 929299 101247 1028 54 570.00 8.00 
4 927763 100060 96 20 540.00 16.00 
5 927768 104778 57 5 420.00 176.00 
6 929820 104686 140 5 480.00 30.00 
7 930333 023155 865 5 900.00 21.00 
8 929309 036960 768 50 780.00 28.00 
9 930846 104130 822 54 900.00 16.00 
10 931362 104747 1394 58 780.00 3.50 
11 931875 COD 1496 57 810.00 5.00 
12 926763 001620 547 50 450.00 125.00 
13 929839 002087 1130 58 420.00 8.00 
14 930878 102968 1322 35 450.00 24.00 
15 931915 102456 1501 57 900.00 6.00 
16 931411 104741 261 5 540.00 2.50 
17 929876 000785 245 10 930.00 11.00 
18 932439 103861 1620 58 840.00 22.00 
19 931932 102456 1504 57 960.00 1.50 
20 931935 104490 1076 35 870.00 60.00 
21 931940 104753 1507 58 900.00 6.00 
22 926309 102625 153 57 480.00 28.00 
23 930923 104524 1327 58 600.00 99.50 
24 931445 102309 1406 35 660.00 4.00 
25 931448 002884 1407 54 870.00 1.00 
26 932473 104256 126 58 930.00 17.50 
27 929404 000164 1045 5 720.00 77.50 
28 929407 000241 1047 5 870.00 17.00 
29 930943 104097 1332 58 420.00 6.00 
30 929924 102603 1142 35 750.00 32.00 
31 930955 104574 1335 57 480.00 52.00 
32 925838 070149 359 20 420.00 92.00 
33 928911 101247 952 50 870.00 18.00 
34 925350 104706 278 5 630.00 39.00 
35 927406 003483 146 20 760.00 37.50 
36 931503 103867 1376 57 450.00 156.00 
37 932019 002082 1520 20 900.00 15.50 
38 929974 002695 1155 20 480.00 7.00 
39 920250 103762 30 10 420.00 180.00 
40 932543 003390 170 20 890.00 18.00 
41 930499 104970 47 54 480.00 257.50 
42 928973 003510 964 5 450.00 11.00 
43 931533 COD 1040 57 840.00 5.50 
44 928978 102893 967 35 780.00 15.00 
45 929002 104835 248 35 780.00 4.50 
46 929514 104842 105 58 660.00 47.50 
47 931563 102183 1433 50 945.00 6.00 
48 932076 104683 88 57 750.00 10.00 
49 931058 104831 129 57 810.00 62.00 
50 932089 102750 1538 57 570.00 4.00 
51 929021 002891 975 58 420.00 23.00 
52 929543 103062 379 54 630.00 85.00 
53 932105 104327 1542 35 540.00 1.50 
54 925967 003390 170 20 840.00 32.50 
55 930576 002917 1256 58 450.00 47.00 
56 932116 104706 278 5 450.00 76.00 
57 931094 000785 1350 20 870.00 7.50 
58 931101 103389 1351 58 825.00 11.50 
59 931103 103389 1205 58 900.00 30.00 
60 931631 104054 1444 20 840.00 8.00 
61 924976 104493 46 10 450.00 185.00 
62 932143 002658 1557 35 570.00 1.50 
63 931636 001971 1446 58 420.00 17.50 
64 932148 104500 501 54 690.00 6.50 
65 931638 COD 1448 50 420.00 6.00 
66 931639 COD 1449 50 420.00 7.00 
67 932153 103309 1558 50 780.00 9.00 
68 932155 100187 1559 35 660.00 5.00 
69 929599 104686 63 5 630.00 36.50 
70 932160 002891 1524 35 660.00 11.00 
71 928579 101951 10 50 660.00 42.00 
72 931143 100333 1361 35 720.00 11.50 
73 931144 101386 1360 57 690.00 12.50 
74 931145 100333 1362 35 660.00 12.50 
75 932176 000469 664 35 600.00 2.00 
76 932178 100878 122 5 540.00 13.00 
77 931158 104124 1367 58 600.00 4.00 
78 932182 102183 1560 50 720.00 4.00 
79 929629 104686 807 35 690.00 18.00 
80 931169 000785 791 54 450.00 21.00 
81 930147 104686 1185 20 1380.00 29.00 
82 930660 104554 1279 35 450.00 15.00 
83 931173 000785 791 54 930.00 5.50 
84 932197 102625 1565 58 840.00 8.00 
85 926568 104686 250 5 480.00 7.00 
86 928617 104815 94 10 420.00 285.00 
87 927594 002917 722 58 600.00 24.00 
88 928618 104844 900 54 780.00 40.00 
89 932215 000469 1568 35 720.00 17.00 
90 929656 104284 1095 35 900.00 39.00 
91 931717 104222 92 57 870.00 25.00 
92 927111 100423 624 20 450.00 11.00 
93 927628 101024 732 5 660.00 36.00 
94 932237 104442 1574 58 420.00 2.50 
95 932245 104835 248 5 900.00 5.00 
96 932247 000858 1575 50 630.00 6.00 
97 932248 039710 1576 58 420.00 30.00 
98 932251 102959 1419 58 795.00 4.00 
99 932253 102893 1579 35 540.00 2.00 
100 925598 104686 56 35 450.00 18.00 
101 932255 104097 1580 58 540.00 8.00 
102 930209 103722 1194 57 780.00 8.00 
103 927664 104706 278 5 480.00 28.00 
104 931250 070149 84 54 660.00 9.00 
105 930233 000785 1200 10 900.00 8.00 
106 930239 104841 856 58 660.00 7.00 
107 932288 104778 57 5 705.00 60.00 
108 931268 102219 1382 57 750.00 15.00 
109 931781 COD 1471 58 480.00 10.50 
110 924614 104269 79 5 745.00 44.00 
111 931800 104442 1474 5 780.00 4.50 
112 925145 104706 278 5 450.00 39.00 
113 930780 101012 1301 35 660.00 24.00 
114 929247 104764 1018 20 540.00 76.50 
115 928737 104590 0 54 415.00 196.00 
116 932321 104686 68 35 570.00 3.00 
117 928741 104484 350 54 780.00 5.00 
118 931817 103987 1479 58 1020.00 13.00 
119 930802 001234 1032 57 600.00 7.50 
120 930804 101820 1308 57 660.00 39.00 
0 0 13.50 30 30 3 
1 1 26.00 27 45 3 
2 2 9.00 40 60 3 
3 3 8.00 30 60 3 
4 4 8.00 35 30 3 
5 4 8.00 35 30 3 
6 5 176.00 20 15 9.47 
7 6 30.00 40 30 3 
8 7 21.00 40 30 12.8 
9 8 28.00 25 25 3 
10 9 16.00 35 30 3 
11 10 3.50 45 30 3 
12 11 5.00 35 60 3 
13 12 125.00 30 12 3 
14 13 8.00 40 30 3 
15 14 24.00 25 35 3 
16 15 6.00 20 15 3 
17 16 2.50 30 60 3 
18 17 11.00 30 45 3.6 
19 18 22.00 40 20 3 
20 19 1.50 20 30 3 
21 20 52.00 30 15 3 
22 20 8.00 30 15 3 
23 21 6.00 25 15 3 
24 22 22.00 35 35 3 
25 22 6.00 35 35 3 
26 23 99.50 25 20 3 
27 24 4.00 10 60 3 
28 25 1.00 30 60 3 
29 26 17.50 8 45 3 
30 27 77.50 25 20 13.2 
31 28 17.00 35 15 8.3 
32 29 6.00 22 30 3 
33 30 32.00 12 30 3 
34 31 52.00 20 40 3 
35 32 92.00 35 30 12.8 
36 33 18.00 36 30 3 
37 34 39.00 35 15 13.35 
38 35 1.00 30 22 9.1 
39 35 22.50 30 22 9.1 
40 35 14.00 30 22 9.1 
41 36 156.00 25 30 3 
42 37 15.50 30 15 8.6 
43 38 7.00 40 60 3 
44 39 180.00 25 25 12.17 
45 40 18.00 20 60 1.53 
46 41 257.50 30 16 10.73 
47 42 11.00 40 60 3.17 
48 43 5.50 5 60 3 
49 44 15.00 45 45 3 
50 45 4.50 35 45 3 
51 46 47.50 24 15 3 
52 47 6.00 35 60 3 
53 48 10.00 35 35 3 
54 49 62.00 25 15 3 
55 50 4.00 20 20 3 
56 51 23.00 30 45 3 
57 52 85.00 25 30 16.57 
58 53 1.50 30 20 3 
59 54 32.50 20 15 3 
60 55 47.00 25 30 3 
61 56 76.00 40 30 9.73 
62 57 7.50 30 60 3 
63 58 11.50 50 20 3 
64 59 30.00 55 20 3 
65 60 8.00 30 60 1.92 
66 61 67.00 30 16 11.97 
67 61 118.00 30 16 11.97 
68 62 1.50 15 60 3 
69 63 17.50 25 60 3 
70 64 6.50 20 60 3 
71 65 6.00 40 35 3 
72 66 7.00 30 30 3 
73 67 9.00 35 45 3 
74 68 5.00 13 34 3 
75 69 36.50 35 20 3 
76 70 11.00 35 45 3 
77 71 42.00 35 30 3 
78 72 11.50 35 15 3 
79 73 12.50 20 30 3 
80 74 12.50 35 15 3 
81 75 2.00 30 35 3 
82 76 13.00 20 45 3 
83 77 4.00 20 30 3 
84 78 4.00 35 15 3 
85 79 18.00 29 15 3 
86 80 21.00 15 15 9.35 
87 81 29.00 25 30 6.33 
88 82 15.00 25 35 3 
89 83 5.50 15 60 3 
90 84 8.00 35 25 3 
91 85 7.00 40 30 3 
92 86 285.00 30 15 11.47 
93 87 24.00 35 30 3 
94 88 40.00 30 20 6.9 
95 89 17.00 20 15 3 
96 90 39.00 15 15 3 
97 91 25.00 35 15 3 
98 92 11.00 40 30 3 
99 93 36.00 40 60 4.03 
100 94 2.50 40 60 3 
101 95 5.00 40 45 3 
102 96 6.00 27 32 3 
103 97 30.00 35 20 3 
104 98 4.00 45 15 3 
105 99 2.00 45 30 3 
106 100 18.00 25 20 7.68 
107 101 8.00 25 45 3 
108 102 8.00 35 30 3 
109 103 28.00 40 30 3 
110 104 9.00 25 45 3 
111 105 8.00 35 60 3 
112 106 7.00 25 75 3 
113 107 60.00 20 24 3 
114 108 15.00 30 25 3 
115 109 10.50 35 50 3 
116 110 1.00 40 30 10.63 
117 110 43.00 40 30 10.63 
118 111 4.50 35 60 3 
119 112 39.00 40 15 7.27 
120 113 24.00 34 15 3 
121 114 68.50 14 18 9.2 
122 114 8.00 14 18 9.2 
123 115 1.00 20 16 15.3 
124 115 195.00 20 16 15.3 
125 116 3.00 35 60 3 
126 117 5.00 20 60 3.63 
127 118 13.00 25 15 3 
128 119 7.50 35 60 3 
129 120 39.00 15 60 3 
0 15083 156 10 10 8 391 894 
1 15112 183 10 10 8 400 905 
2 15558 1364 10 10 8 432 946 
3 15103 171 10 10 8 393 696 
4 15423 983 10 10 8 417 1135 
5 7000029 35028 10 10 8 439 1063 
6 15488 1125 10 54 8 463 1197 
7 7000065 35109 10 54 8 488 1178 
8 15542 1346 5 5 8 546 997 
9 15580 -1 -1 5 8 565 991 
10 15436 1007 5 5 8 527 918 
11 15110 180 5 5 8 423 930 
12 15228 279 5 5 8 467 942 
13 15138 195 5 5 8 433 983 
14 15405 938 5 5 8 506 981 
15 15277 570 10 10 8 420 1140 
16 15486 1116 10 10 8 452 858 
17 10228 54 5 5 8 395 1024 
18 15347 734 5 5 8 484 910 
19 15422 980 5 5 8 507 944 
20 15432 998 5 5 8 516 1034 
21 15607 1499 5 5 8 569 1020 
22 15305 625 5 5 8 478 968 
23 15150 342 35 35 8 409 985 
24 15414 962 35 35 8 437 971 
25 15217 841 35 35 8 451 935 
26 15107 177 20 20 8 398 984 
27 15161 213 20 20 8 422 885 
28 15358 762 20 20 8 455 1072 
29 15431 995 20 20 8 487 956 
30 15611 1817 20 20 8 511 1020 
31 15143 201 20 20 8 409 975 
32 15516 1286 20 20 8 503 959 
33 7000007 1844 20 20 8 520 946 
34 15070 150 20 20 8 396 995 
35 14417 117 20 20 8 360 906 
36 15409 944 20 20 8 471 1012 
37 2158 1168 57 57 8 432 1000 
38 15243 363 20 20 8 451 1055 
39 15460 1070 20 20 8 496 1005 
40 2167 1235 57 57 8 469 997 
41 15550 1254 57 57 8 499 988 
42 15605 1497 57 57 8 543 1015 
43 15162 216 5 5 8 445 1078 
44 7000030 35031 5 5 8 585 1026 
45 15476 -1 -1 50 8 406 984 
46 15479 811 50 50 8 420 948 
47 15598 815 50 50 8 441 1066 
48 15615 818 50 50 8 449 1001 
49 7000011 1885 50 50 8 456 900 
50 7000018 -1 -1 50 8 471 1039 
51 14340 291 50 50 8 370 937 
52 7000045 -1 -1 50 8 538 798 
53 14347 300 50 50 8 376 1063 
54 15245 372 20 20 8 451 1024 
55 2023 1164 58 58 8 388 854 
56 2072 1301 58 58 8 455 970 
57 2006 1147 58 58 8 371 1042 
58 15017 -1 -1 5 8 402 950 
59 15401 926 5 5 8 506 1071 
60 7000053 35082 5 5 8 596 1043 
61 15435 1004 5 5 8 528 1006 
62 15213 270 5 5 8 448 899 
63 7000031 35037 20 20 8 520 1025 
64 10124 126 5 5 12 384 920 
65 15246 375 5 5 12 416 900 
66 15346 733 5 5 12 433 949 
67 15376 810 5 5 12 461 1000 
68 15377 813 5 5 12 486 904 
69 15515 1283 5 5 8 531 992 
70 15582 1442 57 57 8 517 1005 
71 15076 246 10 10 12 373 810 
72 15507 1261 54 54 8 430 961 
73 15428 992 5 5 8 512 946 
74 15589 1460 54 54 8 424 885 
75 15102 -1 -1 54 8 383 987 
76 15467 1085 54 54 8 406 930 
77 7000059 35091 54 54 8 449 1072 
78 15173 228 10 54 8 453 1073 
79 15369 792 10 54 8 458 1052 
80 7000026 35022 10 54 8 468 1101 
81 7000066 35112 10 54 8 511 1107 
82 7000062 35106 54 54 8 453 976 
83 15343 725 35 35 8 399 960 
84 15547 1355 35 35 8 451 971 
85 15614 1829 35 35 8 492 1053 
86 7000041 -1 -1 35 8 535 983 
87 15408 941 35 35 8 409 965 
88 2057 1182 58 58 8 431 1081 
89 15566 1255 57 57 8 517 1134 
90 7000056 -1 -1 57 8 591 996 
91 15588 1457 57 57 8 531 1024 
92 2001 1152 57 57 12 415 1062 
93 15559 1370 5 5 8 561 1026 
94 15151 207 5 5 8 436 1011 
95 7000067 -1 -1 58 12 448 1067 
96 7000054 -1 -1 58 8 475 1067 
97 7000013 1849 58 58 12 439 1094 
98 15274 561 5 5 8 471 934 
99 15521 1310 5 5 8 546 852 
100 7000032 -1 -1 35 8 555 1032 
101 15539 1343 35 35 8 451 1020 
102 15223 276 5 5 8 453 1035 
103 15555 -1 -1 5 8 550 961 
104 15562 1385 35 35 8 486 987 
105 15553 1358 35 35 8 480 1053 
106 15176 231 20 20 8 430 930 
107 2149 1221 57 57 8 453 996 
108 15421 -1 -1 57 8 557 1148 
109 7000069 35115 20 20 8 43 143 
110 15383 834 20 20 12 442 968 
111 7000042 35055 20 20 12 485 993 
112 2047 1173 58 58 8 416 986 
113 2019 1148 58 58 8 375 1101 
114 15392 892 35 35 8 403 959 
115 15457 1061 35 35 8 436 1020 
116 2120 1206 57 57 12 443 974 
117 15612 1823 57 57 8 550 1061 
118 2022 1161 58 58 8 382 1054 
119 2068 1289 58 58 12 441 894 
120 2026 1165 58 58 12 397 1007 
121 15560 1379 58 58 8 460 965 
122 2040 1170 58 58 8 401 1015 
123 15535 1251 57 57 8 487 1064 
124 15578 1427 35 35 8 495 986 
125 15526 1246 57 57 12 470 995 
126 15606 1496 57 57 12 540 1005 
127 7000008 1841 57 57 12 575 1019 
128 7000052 35076 20 20 8 24 24 
129 7000063 35103 20 20 8 1365 55