8
104
119
123
0 2489 5 135.0 
1 2490 10 111.0 
2 2491 20 87.0 
3 2492 35 75.0 
4 2493 50 75.0 
5 2494 54 70.0 
6 2495 57 90.0 
7 2496 58 90.0 
0 931840 104679 1486 50 420.00 18.50 
1 931841 104679 1487 50 570.00 3.00 
2 934404 104686 162 5 855.00 3.00 
3 934408 COD 322 50 810.00 8.00 
4 933904 104841 1534 58 660.00 5.50 
5 932369 000785 420 5 750.00 7.00 
6 933397 100333 1787 57 420.00 20.00 
7 934942 104503 2073 35 780.00 16.00 
8 932382 000785 1611 20 900.00 7.00 
9 931363 104892 118 57 660.00 19.00 
10 931877 104848 1497 58 420.00 10.50 
11 934953 003390 2077 20 900.00 7.00 
12 931887 102456 723 58 420.00 55.50 
13 933940 100373 943 58 750.00 16.00 
14 934471 104157 1986 35 420.00 28.00 
15 934476 001264 1988 50 720.00 37.00 
16 934483 000785 1991 5 900.00 14.00 
17 935004 002988 1726 35 960.00 2.00 
18 933981 036960 402 50 600.00 5.00 
19 929389 100060 96 20 480.00 5.00 
20 933489 102455 1797 35 750.00 9.50 
21 934538 103723 2004 50 420.00 2.00 
22 934027 101247 1910 58 780.00 5.50 
23 933528 103723 1806 57 810.00 30.00 
24 933530 036960 1691 20 780.00 67.50 
25 934051 036960 768 50 690.00 3.00 
26 933545 100878 847 20 810.00 32.00 
27 925359 104706 278 20 690.00 20.00 
28 925877 100740 370 54 930.00 4.00 
29 929467 003390 170 20 900.00 33.50 
30 933568 000477 1812 35 780.00 12.50 
31 930508 104649 600 58 440.00 77.00 
32 927437 103352 690 5 480.00 224.00 
33 933582 104130 1822 58 630.00 10.00 
34 930518 104764 573 57 480.00 204.50 
35 934616 102167 1770 50 840.00 3.00 
36 934617 COD 2013 35 870.00 3.50 
37 934618 103919 2016 57 420.00 18.00 
38 934619 103722 2017 35 780.00 5.00 
39 933600 104686 613 5 690.00 3.00 
40 932585 104842 105 58 600.00 39.50 
41 933615 103723 1832 50 840.00 31.00 
42 933628 104590 0 20 780.00 28.00 
43 933641 003390 1835 35 930.00 6.00 
44 929557 104686 1074 54 450.00 152.00 
45 933142 002988 1747 35 420.00 65.50 
46 933659 104130 1837 58 660.00 5.50 
47 934179 104524 1327 58 780.00 4.00 
48 933156 002891 1524 35 570.00 34.00 
49 932645 103379 1650 58 450.00 24.00 
50 933668 104830 99 54 720.00 28.50 
51 934183 100878 122 5 750.00 7.50 
52 932648 103762 1653 5 420.00 65.00 
53 933160 002453 1749 35 810.00 8.00 
54 934693 104490 2025 35 870.00 10.00 
55 933677 102929 1842 50 600.00 38.50 
56 934710 000469 1218 57 900.00 2.00 
57 930630 104686 1268 5 420.00 15.00 
58 933716 COD 1850 57 780.00 23.50 
59 926037 003265 400 5 510.00 112.00 
60 934750 103506 1906 57 690.00 6.00 
61 933225 104649 600 58 450.00 88.00 
62 930162 102309 1189 35 450.00 14.50 
63 932217 103062 1570 20 420.00 48.00 
64 934270 070149 84 20 420.00 8.00 
65 929663 103085 1096 57 630.00 34.00 
66 934786 104905 117 57 780.00 5.00 
67 934791 102164 2047 50 720.00 2.00 
68 934792 102164 2048 50 840.00 52.00 
69 930188 104741 71 10 420.00 275.50 
70 934295 104442 1960 20 630.00 11.50 
71 934297 103976 1961 58 780.00 6.50 
72 931741 102893 1462 35 810.00 11.00 
73 933789 102309 1864 35 870.00 25.50 
74 933791 102309 1865 35 930.00 28.00 
75 934302 104906 1172 50 450.00 8.00 
76 933285 104284 1769 57 450.00 5.00 
77 931751 003390 1465 54 840.00 6.00 
78 932775 000785 1676 10 930.00 8.00 
79 934823 104831 129 35 690.00 15.00 
80 931760 023155 1467 54 900.00 5.00 
81 927672 104706 278 5 600.00 42.00 
82 933304 104686 1303 54 570.00 19.50 
83 933817 003056 1872 5 840.00 42.00 
84 933309 003308 1325 57 660.00 4.50 
85 930753 104815 94 10 750.00 12.00 
86 931780 104856 930 35 450.00 31.00 
87 929222 104493 46 54 450.00 194.00 
88 934857 104841 856 58 930.00 3.00 
89 932812 000785 1686 5 900.00 3.00 
90 932301 104686 1587 5 420.00 90.00 
91 933325 104345 1601 5 840.00 41.00 
92 932817 103772 115 58 745.00 70.00 
93 931289 104797 219 10 450.00 37.50 
94 930778 102625 153 57 420.00 150.00 
95 934375 104686 177 20 870.00 13.00 
96 934376 104686 1975 54 900.00 12.00 
97 925163 104706 278 5 450.00 40.00 
98 934895 COD 2064 57 750.00 2.50 
99 933875 102219 1887 57 930.00 22.50 
100 931828 104054 1483 20 480.00 105.00 
101 934899 COD 2036 35 750.00 2.00 
102 933373 001938 4 5 750.00 31.50 
103 931838 104679 1485 50 690.00 18.50 
0 0 16.00 35 25 1.93 
1 0 2.50 35 25 1.93 
2 1 3.00 35 25 3 
3 2 3.00 35 60 3 
4 3 8.00 35 45 3 
5 4 5.50 35 60 3 
6 5 7.00 30 60 3 
7 6 8.00 25 30 3 
8 6 12.00 25 30 3 
9 7 16.00 27 15 3 
10 8 7.00 30 60 10.5 
11 9 19.00 35 30 3 
12 10 10.50 20 15 3 
13 11 7.00 15 60 3 
14 12 55.50 40 30 3 
15 13 16.00 14 60 3 
16 14 28.00 30 30 3 
17 15 37.00 30 15 3 
18 16 14.00 30 15 6.1 
19 17 2.00 15 35 3 
20 18 5.00 20 35 3 
21 19 5.00 35 30 3 
22 20 9.50 15 90 3 
23 21 2.00 35 60 3 
24 22 5.50 36 45 3 
25 23 30.00 35 30 3 
26 24 57.00 12 15 9.78 
27 24 10.50 12 15 9.78 
28 25 3.00 25 45 3 
29 26 32.00 30 20 13.38 
30 27 20.00 40 15 0.93 
31 28 4.00 25 60 6.93 
32 29 33.50 15 30 3 
33 30 12.50 27 20 3 
34 31 77.00 25 45 3 
35 32 224.00 30 15 3 
36 33 10.00 30 30 3 
37 34 204.50 25 12 3 
38 35 3.00 35 45 3 
39 36 3.50 35 45 3 
40 37 18.00 50 30 3 
41 38 5.00 25 45 3 
42 39 3.00 35 60 2.7 
43 40 39.50 22 20 3 
44 41 31.00 35 30 3 
45 42 28.00 30 40 9.7 
46 43 6.00 30 35 3 
47 44 152.00 40 20 2.67 
48 45 65.50 30 30 3 
49 46 5.50 35 30 3 
50 47 4.00 25 30 3 
51 48 34.00 35 40 3 
52 49 13.00 35 45 3 
53 49 11.00 35 45 3 
54 50 28.50 25 20 4.9 
55 51 7.50 20 45 3 
56 52 65.00 19 25 9.8 
57 53 8.00 30 30 3 
58 54 10.00 25 15 3 
59 55 38.50 35 15 3 
60 56 2.00 45 30 3 
61 57 15.00 40 60 3 
62 58 11.00 25 35 3 
63 58 12.50 25 35 3 
64 59 88.00 30 16 4.27 
65 59 24.00 30 16 4.27 
66 60 6.00 45 30 3 
67 61 88.00 25 45 3 
68 62 7.50 25 60 3 
69 62 7.00 25 60 3 
70 63 40.00 35 30 12.67 
71 63 8.00 35 30 12.67 
72 64 8.00 35 30 3 
73 65 34.00 35 20 3 
74 66 5.00 25 30 3 
75 67 2.00 21 40 3 
76 68 52.00 30 15 3 
77 69 170.00 30 16 10.6 
78 69 99.00 30 16 10.6 
79 69 6.50 30 16 10.6 
80 70 11.50 40 30 3 
81 71 6.50 35 25 3 
82 72 11.00 20 40 3 
83 73 25.50 25 15 3 
84 74 28.00 17 13 3 
85 75 8.00 50 25 3 
86 76 5.00 45 45 3 
87 77 2.00 35 60 2.9 
88 77 4.00 35 60 2.9 
89 78 8.00 30 60 4.17 
90 79 15.00 30 30 3 
91 80 5.00 35 15 3 
92 81 42.00 35 30 10.6 
93 82 19.50 15 60 3 
94 83 42.00 15 20 2.68 
95 84 4.50 35 45 3 
96 85 12.00 30 40 3.53 
97 86 16.00 25 45 3 
98 86 15.00 25 45 3 
99 87 168.00 30 16 7.5 
100 87 26.00 30 16 7.5 
101 88 3.00 25 45 3 
102 89 3.00 30 60 3 
103 90 90.00 40 30 7.0 
104 91 41.00 35 16 2.87 
105 92 1.00 25 20 3 
106 92 69.00 25 20 3 
107 93 37.50 30 28 3 
108 94 150.00 35 14 3 
109 95 13.00 25 30 3 
110 96 12.00 30 60 3 
111 97 40.00 40 15 10.23 
112 98 2.50 20 45 3 
113 99 22.50 35 20 1.13 
114 100 105.00 30 15 14.27 
115 101 2.00 30 45 3 
116 102 31.50 27 30 3.68 
117 103 8.00 35 25 3 
118 103 10.50 35 25 3 
0 15274 561 5 5 8 400 781 
1 15213 270 5 54 8 438 884 
2 15428 992 5 5 8 475 1015 
3 15405 938 5 5 8 600 1060 
4 15347 734 5 5 8 425 1005 
5 15580 -1 -1 5 8 528 973 
6 7000031 35037 20 20 8 440 1034 
7 7000052 35076 20 20 8 525 1051 
8 7000069 35115 20 20 8 545 984 
9 7000029 35028 10 54 8 529 1050 
10 15438 1013 5 5 8 503 841 
11 15542 1346 5 5 8 514 963 
12 15607 1499 5 5 8 541 906 
13 7000053 35082 5 5 8 563 804 
14 15521 1310 5 5 8 533 854 
15 15515 1283 5 5 8 504 1058 
16 15559 1370 5 5 8 523 999 
17 15017 -1 -1 5 8 385 884 
18 15246 375 5 5 12 442 947 
19 15346 733 5 5 12 462 951 
20 15377 813 5 5 12 499 1057 
21 15555 -1 -1 5 8 520 1001 
22 14411 123 5 5 12 385 928 
23 7000042 35055 20 5 12 591 946 
24 15383 834 20 5 12 620 978 
25 10124 126 5 5 12 438 863 
26 15376 810 5 5 12 472 946 
27 15401 926 5 5 8 559 822 
28 14417 117 20 20 8 368 1060 
29 15161 213 20 20 8 425 938 
30 15110 180 5 54 8 445 994 
31 10228 54 5 5 8 367 1056 
32 15398 912 54 54 8 407 915 
33 7000059 35091 54 54 8 427 958 
34 15305 625 5 54 8 478 941 
35 15488 1125 10 54 8 509 1056 
36 7000026 35022 10 54 8 525 1100 
37 7000065 35109 10 54 8 532 1050 
38 7000066 35112 10 54 8 555 1071 
39 15102 -1 -1 54 8 407 1076 
40 15589 1460 54 54 8 427 935 
41 15107 177 20 54 8 384 944 
42 15423 983 10 54 8 503 1039 
43 15486 1116 10 54 8 522 858 
44 15243 363 20 20 8 431 985 
45 15358 762 20 20 8 453 1001 
46 15516 1286 20 20 8 486 1051 
47 15467 1085 54 54 8 420 953 
48 15151 207 5 54 8 452 875 
49 15223 276 5 54 8 485 1011 
50 15369 792 10 54 8 493 1023 
51 7000062 35106 54 54 8 827 961 
52 15566 1255 57 57 8 436 1033 
53 15582 1442 57 57 8 451 1072 
54 2149 1221 57 57 8 373 774 
55 2158 1168 57 57 8 357 968 
56 15408 941 35 35 8 410 1010 
57 15562 1385 35 35 8 470 963 
58 15076 246 10 10 12 397 876 
59 15112 183 10 10 8 413 946 
60 15446 1031 10 10 8 439 1040 
61 15083 156 10 10 8 423 881 
62 15277 570 10 10 8 444 1052 
63 2022 1161 58 58 8 408 968 
64 2072 1301 58 58 8 452 995 
65 2047 1173 58 58 8 425 967 
66 2040 1170 58 58 8 418 1010 
67 2019 1148 58 58 8 400 1059 
68 15568 1256 57 57 8 439 1033 
69 15588 1457 57 57 8 456 1143 
70 15606 1496 57 57 12 462 1045 
71 7000008 1841 57 57 12 481 1045 
72 7000056 -1 -1 57 8 496 966 
73 15450 779 50 57 8 389 736 
74 2167 1235 57 57 8 396 961 
75 15526 1246 57 57 12 392 948 
76 2120 1206 57 57 12 387 973 
77 15435 1004 5 5 8 479 849 
78 15550 1254 57 57 8 415 963 
79 15612 1823 57 57 8 478 969 
80 15421 -1 -1 57 8 490 1039 
81 15535 1251 57 57 8 408 933 
82 15605 1497 57 57 8 470 1143 
83 15150 342 35 35 8 374 931 
84 7000063 35103 20 54 8 524 979 
85 15414 962 35 35 8 424 982 
86 15539 1343 35 35 8 455 929 
87 7000041 -1 -1 35 8 495 920 
88 15245 372 20 20 8 433 1048 
89 15460 1070 20 20 8 469 952 
90 15451 1052 20 20 8 590 955 
91 15143 201 20 20 8 453 885 
92 15611 1817 20 20 8 478 992 
93 14340 291 50 50 8 370 965 
94 14347 300 50 50 8 383 941 
95 7000038 35046 50 50 8 582 974 
96 15476 -1 -1 50 8 398 1029 
97 15479 811 50 50 8 459 1000 
98 2026 1165 58 58 12 394 914 
99 2006 1147 58 58 8 372 941 
100 2057 1182 58 58 8 445 1009 
101 7000054 -1 -1 58 8 465 1023 
102 15138 195 5 5 8 406 896 
103 15422 980 5 5 8 451 908 
104 15436 1007 5 5 8 500 936 
105 7000013 1849 58 58 12 562 1001 
106 7000067 -1 -1 58 12 583 898 
107 2023 1164 58 58 8 412 892 
108 15560 1379 58 58 8 457 934 
109 2068 1289 58 58 12 493 962 
110 15217 841 35 35 8 391 974 
111 15457 1061 35 35 8 424 853 
112 15578 1427 35 35 8 476 1143 
113 15343 725 35 35 8 374 917 
114 7000032 -1 -1 35 8 495 1143 
115 15392 892 35 35 8 402 990 
116 15598 815 50 50 8 551 913 
117 15615 818 50 50 8 561 932 
118 7000018 -1 -1 50 8 592 983 
119 15176 231 20 20 8 408 942 
120 15553 1358 35 35 8 701 941 
121 7000011 1885 50 50 8 570 894 
122 7000045 -1 -1 50 8 654 963