Drivers:       137
  0    15507 384          -1  5  8  480
  1    15589 156          -1  5  8  480
  2    15398 462          -1  5  8  420
  3    15083 460          -1  2  8  360
  4    15173 311          -1  2  8  360
  5    15521 098          -1  2  8  480
  6    15112 486          -1  2  8  360
  7  7000066 018          -1  2  8  420
  8    15423 366          -1  2  8  420
  9    15435 388          -1  2  8  480
 10    15228 340          -1  1  8  420
 11    15070 426          -1  4  8  420
 12    15143 370          -1  4  8  420
 13    15161 331          -1  4  8  480
 14    15243 364          -1  4  8  480
 15    15431 363          -1  4  8  480
 16    15460 308          -1  4  8  540
 17  7000031 026          -1  4  8  540
 18  7000052 090          -1  4  8  540
 19  7000063 190          -1  4  8  600
 20    14417 437          -1  4  8  360
 21    15176 350          -1  4  8  480
 22    15409 312          -1  4  8  480
 23    15451 383          -1  4  8  480
 24    15611 097          -1  4  8  540
 25    15102 349          -1  5  8  420
 26  7000059 019          -1  5  8  480
 27    15467 467          -1  5  8  480
 28    15542 521          -1  5  8  540
 29    15347 307          -1  2  8  480
 30    15428 196          -1  1  8  480
 31    15277 158          -1  2  8  360
 32  7000065 200          -1  2  8  420
 33    15103 344          -1  2  8  360
 34    15369 433          -1  2  8  420
 35    15459 390          -1  2  8  420
 36  7000029 369          -1  2  8  420
 37    15422 022          -1  2  8  480
 38    15559 025          -1  2  8  540
 39    15274 379          -1  2  8  480
 40    15486 319          -1  2  8  420
 41    15588 828          -1  6  8  420
 42    15612 807          -1  6  8  420
 43    15450 346          -1  6  8  480
 44     2167 371          -1  6  8  360
 45  7000056 826          -1  6  8  420
 46     2158 377          -1  6  8  360
 47    15566 822          -1  6  8  420
 48        1 702NEPVE     -1  6  8  600
 49    15421 820          -1  6  8  420
 50     2149 831          -1  6  8  660
 51    15550 834          -1  6  8  420
 52    15558 314          -1  2  8  480
 53        1 0187         -1  2  8  480
 54  7000053 024          -1  2  8  540
 55    15526 827          -1  6  8  540
 56    15017 263          -1  1  8  360
 57    15405 381          -1  1  8  420
 58    15432 392          -1  1  8  480
 59    10228 368          -1  1  8  360
 60    15110 440          -1  1  8  360
 61    15162 387          -1  1  8  420
 62    15151 259          -1  1  8  420
 63    15436 030          -1  5  8  480
 64    15138 450          -1  1  8  420
 65    15516 385          -1  4  8  540
 66        1 77BLAIN      -1  7  8  540
 67        1 301_VAIL     -1  7  8  540
 68        1 103VAIL      -1  7  8  600
 69     2022 099          -1  7  8  360
 70  7000054 527          -1  7  8  480
 71     2047 536          -1  7  8  420
 72     2019 294          -1  7  8  420
 73     2023 548          -1  7  8  360
 74    15598 434          -1  6  8  480
 75    15535 470          -1  6  8  360
 76    15217 454          -1  0  8  360
 77    15414 489          -1  0  8  420
 78    15562 140          -1  0  8  480
 79    15392 463          -1  0  8  420
 80    15553 096          -1  0  8  420
 81     2040 531          -1  7  8  420
 82    15560 528          -1  7  8  480
 83        1 104_VAIL     -1  7  8  540
 84    15614 138          -1  0  8  480
 85    15457 150          -1  0  8  420
 86        1 703NEPVE     -1  0  8  600
 87    15408 455          -1  0  8  420
 88    15578 037          -1  0  8  480
 89     2072 526          -1  7  8  420
 90    15343 300          -1  0  8  360
 91    15539 155          -1  0  8  420
 92  7000032 345          -1  0  8  540
 93     2006 448          -1  7  8  360
 94    15615 142          -1  3  8  600
 95    15401 028          -1  1  8  420
 96    15515 342          -1  1  8  480
 97    15438 361          -1  1  8  480
 98    15213 315          -1  1  8  420
 99    15223 320          -1  1  8  420
100    15607 188          -1  5  8  540
101    15150 301          -1  0  8  360
102    15305 464          -1  1  8  480
103  7000030 010          -1  1  8  480
104    15547 149          -1  0  8  420
105  7000041 185          -1  0  8  480
106        1 709NEPVE     -1  0  8  540
107    14347 469          -1  6  8  420
108    15479 347          -1  6  8  480
109  7000011 020          -1  3  8  720
110    15580 029          -1  1  8  480
111  7000038 157          -1  3  8  720
112  7000069 189          -1  4  8  600
113    15383 160          -1  4 12  420
114  7000042 049          -1  4 12  480
115        1 6401_BEL     -1  2 12  540
116        1 6402_BEL     -1  2 12  540
117        1 6405BEL      -1  2 12  540
118        1 6407BEL      -1  2 12  600
119     2001 867          -1  6 12  480
120     2120 836          -1  6 12  480
121    15606 068          -1  6 12  540
122        1 215_MD       -1  6 12  600
123        1 706NEPVE     -1  6 12  600
124        1 708NEPVE     -1  6 12  600
125     2068 468          -1  7 12  480
126  7000067 430          -1  7 12  480
127  7000013 478          -1  7 12  540
128        1 6406_BEL     -1  7 12  540
129     2026 476          -1  7 12  360
130    10124 295          -1  1 12  360
131    15246 296          -1  1 12  420
132    15377 065          -1  1 12  420
133    15376 298          -1  1 12  420
134    15346 524          -1  1 12  480
135  7000008 053          -1  6 12  540
136        1 718_NEPV     -1  6 12  660
Clients:  94 3009.5
  0 929400 002793    1  7  630   2.0  1 
  1 929653 104269   79  4  810   2.0  1 
  2 928702 104853  920  0  870   2.5  1 
  3 929344 102183  959  3  870   2.5  1 
  4 929811 104970   47  4  810   3.0  1 
  5 929826 104916 1127  7  930   3.0  1 
  6 929976 103352   49  2  870   3.0  1 
  7 929094 101951   10  3  780   3.5  1 
  8 930024 104442  686  1  930   4.0  1 
  9 926964 104253  586  7  420   4.5  1 
 10 928361 023155  865  0  870   4.5  1 
 11 927284 103723  653  3  630   5.0  1 
 12 929932 102164 1147  4  930   6.0  1 
 13 926441 103594  490  7  420   6.5  1 
 14 928686 104123  916  7  510   7.0  1 
 15 928982 100878  122  1  750   7.0  1 
 16 927347 101012  116  1  450   7.5  1 
 17 929578 103650  989  6  450   7.5  1 
 18 929947 104622 1152  3  900   7.5  1 
 19 927584 001938    4  0  480   8.0  1 
 20 929955 104764  573  6  750   8.0  1 
 21 927745 015721  744  0  630   9.0  1 
 22 928648 103397  910  7  840   9.0  1 
 23 925909 103062  379  4  600  10.0  2 
 24 929549 102838 1071  0  840  11.0  1 
 25 929592 103679   51  2  900  11.0  1 
 26 928789 104672  174  2  810  11.5  1 
 27 929691 102933 1103  6  450  12.0  1 
 28 928871 103976  946  7  420  13.0  1 
 29 927762 103861  749  7  900  14.0  1 
 30 928307 104841  673  7  660  15.0  1 
 31 927027 104747  596  7  750   6.0  1 
 32 927033 104747  598  7  825   5.5  1 
 33 927915 104747  597  7  915   6.0  1 
 34 927710 102893  738  6  600  11.5  1 
 35 929152 102893 1002  0  900   6.0  1 
 36 929086 104284  986  0  615  14.5  1 
 37 929763 104284 1124  6  450   5.0  1 
 38 928607 104268  898  6  690  20.0  1 
 39 917247 104590    0  5  870  21.0  1 
 40 924355 000785  200  1  840   4.0  1 
 41 928924 000785  954  2  840   7.0  1 
 42 929587 000785 1084  4  900   4.5  1 
 43 930009 000785 1164  2  900   7.0  2 
 44 928709 104831  129  6  840  22.5  1 
 45 925959 003390  393  4  840  19.0  1 
 46 927122 003390  626  2  870   7.0  1 
 47 928836 103987  937  7  780  26.0  1 
 48 929063 100373  943  7  660  27.0  2 
 49 928239 001234  838  6  480  27.5  1 
 50 926777 104262  141  7  720  29.0  1 
 51 928643 103910  909  3  750  29.0  1 
 52 927729 104327  426  0  420  30.0  1 
 53 924975 104493   46  2  600  38.0  1 
 54 929889 036960  768  3  840  40.0  1 
 55 928231 COD  837  6  420  36.0  1 
 56 929325 COD 1025  0  840   1.0  1 
 57 929366 COD 1037  0  840   5.0  1 
 58 925952 101747  390  6  510  46.5  1 
 59 928933 104524  585  7  660  55.0  1 
 60 926514 103929  508  7  450  63.5  1 
 61 926719 010875   62  0  600  20.0  1 
 62 928033 010875  320  0  510  71.0  2 
 63 924599 003483  232  6  540  77.5  2 
 64 929520 003483  146  4  450   7.0  1 
 65 929523 003483  146  4  655  18.0  2 
 66 925136 104706  278  1  450  19.5  1 
 67 925342 104706  278  1  780  45.5  1 
 68 927655 104706  278  5  570  28.0  1 
 69 929723 104706  278  1  780   4.0  1 
 70 929724 104706  278  1  840   9.0  1 
 71 920244 103762   26  2  420  88.0  1 
 72 929832 103762 1129  1  570  14.0  1 
 73 929917 103762 1141  2  870   7.0  1 
 74 926283 104686  453  0  480  30.0  2 
 75 926631 104686  523  0  780  18.0  1 
 76 926917 104686   56  0  450  17.5  1 
 77 926919 104686   56  0  570   6.5  1 
 78 926920 104686   56  0  600   5.0  1 
 79 927708 104686   56  0  690  10.5  1 
 80 927719 104686  340  5  840   4.0  1 
 81 928846 104686  940  1  480  35.0  2 
 82 929312 104686  552  0  750   4.0  1 
 83 925849 104686   59  5 1380   4.0  1 
 84 924525 104500   53  2  480 160.0  2 
 85 924240 104054  186  2  480 151.0  2 
 86 925594 104054  223  4  540  32.0  1 
 87 924411 102625   78  2  600  10.0  1 
 88 924496 102625  153  6  480 184.0  1 
 89 927966 104362  785  1  445 204.5  2 
 90 924469 104778   57  2  420 212.0  1 
 91 925862 103772  115  7  540 212.0  1 
 92 927557 102603  714  1  420 225.0  2 
 93 923347 104892  118  4  480 236.0  2 
Orders:  107  
  0   0   2.0 
  1   1   2.0 
  2   2   2.5 
  3   3   2.5 
  4   4   3.0 
  5   5   3.0 
  6   6   3.0 
  7   7   3.5 
  8   8   4.0 
  9   9   4.5 
 10  10   4.5 
 11  11   5.0 
 12  12   6.0 
 13  13   6.5 
 14  14   7.0 
 15  15   7.0 
 16  16   7.5 
 17  17   7.5 
 18  18   7.5 
 19  19   8.0 
 20  20   8.0 
 21  21   9.0 
 22  22   9.0 
 23  23   2.0 
 24  23   8.0 
 25  24  11.0 
 26  25  11.0 
 27  26  11.5 
 28  27  12.0 
 29  28  13.0 
 30  29  14.0 
 31  30  15.0 
 32  31   6.0 
 33  32   5.5 
 34  33   6.0 
 35  34  11.5 
 36  35   6.0 
 37  36  14.5 
 38  37   5.0 
 39  38  20.0 
 40  39  21.0 
 41  40   4.0 
 42  41   7.0 
 43  42   4.5 
 44  43   3.0 
 45  43   4.0 
 46  44  22.5 
 47  45  19.0 
 48  46   7.0 
 49  47  26.0 
 50  48   4.0 
 51  48  23.0 
 52  49  27.5 
 53  50  29.0 
 54  51  29.0 
 55  52  30.0 
 56  53  38.0 
 57  54  40.0 
 58  55  36.0 
 59  56   1.0 
 60  57   5.0 
 61  58  46.5 
 62  59  55.0 
 63  60  63.5 
 64  61  20.0 
 65  62   8.0 
 66  62  63.0 
 67  63  19.5 
 68  63  58.0 
 69  64   7.0 
 70  65   1.0 
 71  65  17.0 
 72  66  19.5 
 73  67  45.5 
 74  68  28.0 
 75  69   4.0 
 76  70   9.0 
 77  71  88.0 
 78  72  14.0 
 79  73   7.0 
 80  74   6.0 
 81  74  24.0 
 82  75  18.0 
 83  76  17.5 
 84  77   6.5 
 85  78   5.0 
 86  79  10.5 
 87  80   4.0 
 88  81   5.0 
 89  81  30.0 
 90  82   4.0 
 91  83   4.0 
 92  84  22.0 
 93  84 138.0 
 94  85  31.0 
 95  85 120.0 
 96  86  32.0 
 97  87  10.0 
 98  88 184.0 
 99  89   1.0 
100  89 203.5 
101  90 212.0 
102  91 212.0 
103  92   1.0 
104  92 224.0 
105  93  48.0 
106  93 188.0 
Plants:   8
 0 2492 35  75 
 1 2489  5 135 
 2 2490 10 111 
 3 2493 50  75 
 4 2491 20  87 
 5 2494 54  70 
 6 2495 57  90 
 7 2496 58  90