8
96
114
112
0 2489 5 135.0 
1 2490 10 111.0 
2 2491 20 87.0 
3 2492 35 75.0 
4 2493 50 75.0 
5 2494 54 70.0 
6 2495 57 90.0 
7 2496 58 90.0 
0 926216 002087 442 5 870.00 3.00 
1 926737 104909 545 35 660.00 32.00 
2 924181 103867 183 5 420.00 1.50 
3 925206 104764 288 20 600.00 50.50 
4 926240 104842 105 58 630.00 28.00 
5 922668 104269 79 54 595.00 103.50 
6 927277 104681 346 57 570.00 9.00 
7 926262 104602 450 35 570.00 22.50 
8 924217 104683 88 50 420.00 24.00 
9 917573 002793 1 58 750.00 18.00 
10 928359 103762 863 10 900.00 30.00 
11 927855 104638 761 5 840.00 8.00 
12 924792 000785 245 54 930.00 3.00 
13 928378 001230 868 54 930.00 6.00 
14 927866 104490 764 35 870.00 10.50 
15 922753 070149 84 54 420.00 22.00 
16 927364 102740 668 57 420.00 6.50 
17 923781 104747 143 58 420.00 8.00 
18 926853 001234 559 57 420.00 8.50 
19 923784 104747 144 58 465.00 9.50 
20 926346 000785 469 54 630.00 7.00 
21 927371 COD 669 57 870.00 5.00 
22 924813 003155 247 58 570.00 18.00 
23 926868 COD 563 10 855.00 2.50 
24 922774 104834 87 50 480.00 184.00 
25 925336 104706 278 5 690.00 7.00 
26 927901 104442 454 10 480.00 4.00 
27 926886 074223 567 20 480.00 4.00 
28 924839 102625 153 54 540.00 22.00 
29 920235 103762 19 10 420.00 85.00 
30 925871 100740 369 54 420.00 3.50 
31 925874 104130 371 57 540.00 3.00 
32 924350 000785 208 10 840.00 8.00 
33 923329 104892 118 54 660.00 18.50 
34 926916 102183 577 57 900.00 7.00 
35 926407 104686 397 20 480.00 31.00 
36 922314 104686 63 5 420.00 104.00 
37 923341 070149 84 54 420.00 18.00 
38 926926 104121 578 5 840.00 1.50 
39 926931 104686 579 35 420.00 14.00 
40 925416 104706 278 54 480.00 20.00 
41 927976 003483 146 20 480.00 2.50 
42 924397 104745 213 58 840.00 14.00 
43 917240 104590 0 54 780.00 28.00 
44 926460 104123 493 58 600.00 7.00 
45 927499 104511 702 57 780.00 3.00 
46 926476 104704 290 58 480.00 22.50 
47 925455 104686 314 5 480.00 14.00 
48 928016 002891 794 58 420.00 23.50 
49 926482 100412 497 58 420.00 8.00 
50 926487 100373 470 58 720.00 38.50 
51 924959 103352 49 5 480.00 184.00 
52 927739 102839 742 35 840.00 20.00 
53 928043 104831 799 57 780.00 64.00 
54 925997 104835 396 57 780.00 14.00 
55 927535 102740 709 50 570.00 4.50 
56 928053 002793 803 5 450.00 2.00 
57 928056 003428 778 35 780.00 6.00 
58 926013 010875 39 57 415.00 261.00 
59 927038 104604 599 57 450.00 24.00 
60 923456 104256 126 58 410.00 219.50 
61 925013 100878 122 5 600.00 72.00 
62 925527 100131 318 50 420.00 6.00 
63 923992 104686 56 35 630.00 17.50 
64 928091 104686 812 20 480.00 5.00 
65 928111 104442 816 54 810.00 1.50 
66 925560 104686 140 5 480.00 24.00 
67 924026 003390 169 20 870.00 13.50 
68 925563 104153 319 57 870.00 5.00 
69 925054 104686 269 54 540.00 10.00 
70 927103 103060 543 20 600.00 6.50 
71 926594 102603 519 57 420.00 21.00 
72 928131 103143 823 57 840.00 101.00 
73 926084 101012 412 5 900.00 4.50 
74 926621 104672 174 10 450.00 196.00 
75 926118 000785 418 5 870.00 5.50 
76 926630 103085 525 35 420.00 11.00 
77 925101 102603 276 35 660.00 38.00 
78 926153 104327 426 35 420.00 36.00 
79 925644 104507 334 58 660.00 3.50 
80 926159 104327 428 58 930.00 16.00 
81 928207 103867 835 54 780.00 8.00 
82 926163 104362 190 5 750.00 24.00 
83 922068 104686 54 20 930.00 6.00 
84 928215 104490 836 35 750.00 3.50 
85 927195 104557 639 57 720.00 16.00 
86 920542 104054 33 57 480.00 149.00 
87 926176 003483 433 58 660.00 29.00 
88 924643 104815 94 10 420.00 276.00 
89 926188 070149 64 10 780.00 3.00 
90 923632 103338 135 20 720.00 8.00 
91 926706 104686 453 35 720.00 18.00 
92 926197 104401 438 5 810.00 92.00 
93 928245 104622 841 50 840.00 5.50 
94 926201 103722 439 54 750.00 28.00 
95 922107 104686 56 35 450.00 18.50 
0 0 3.00 20 30 3.7 
1 1 32.00 10 25 3 
2 2 1.50 20 60 3 
3 3 13.00 15 20 11.87 
4 3 37.50 15 20 11.87 
5 4 20.00 22 60 3 
6 4 8.00 22 60 3 
7 5 1.50 15 16 7.08 
8 5 86.50 15 16 7.08 
9 5 15.50 15 16 7.08 
10 6 9.00 33 60 3 
11 7 10.50 30 30 3 
12 7 12.00 30 30 3 
13 8 24.00 37 20 3 
14 9 18.00 28 20 3 
15 10 30.00 31 25 21.87 
16 11 8.00 31 30 3 
17 12 3.00 35 60 4.03 
18 13 6.00 20 60 3 
19 14 10.50 20 15 3 
20 15 12.00 25 30 3 
21 15 10.00 25 30 3 
22 16 6.50 35 45 3 
23 17 5.50 22 45 3 
24 17 2.50 22 45 3 
25 18 8.50 15 35 3 
26 19 7.00 22 45 3 
27 19 2.50 22 45 3 
28 20 7.00 46 30 3 
29 21 5.00 50 45 3 
30 22 18.00 22 15 3 
31 23 2.50 30 45 3 
32 24 152.00 32 16 3 
33 24 32.00 32 16 3 
34 25 7.00 35 30 15.55 
35 26 4.00 21 60 2.13 
36 27 4.00 35 60 4.2 
37 28 22.00 35 25 3 
38 29 85.00 20 25 9.83 
39 30 3.50 30 60 3 
40 31 3.00 35 45 3 
41 32 8.00 30 60 12.87 
42 33 6.50 25 20 3 
43 33 12.00 25 20 3 
44 34 7.00 35 45 3 
45 35 31.00 25 30 4.53 
46 36 104.00 35 24 5.17 
47 37 18.00 27 45 3.33 
48 38 1.50 12 30 3 
49 39 14.00 25 30 3 
50 40 20.00 35 15 3 
51 41 2.50 35 60 3 
52 42 14.00 25 35 3 
53 43 28.00 27 30 8.6 
54 44 7.00 30 75 3 
55 45 3.00 40 35 5.95 
56 46 22.50 30 60 3 
57 47 14.00 35 60 3 
58 48 23.50 30 43 3 
59 49 8.00 13 60 3 
60 50 38.50 8 30 3 
61 51 24.00 25 15 8.63 
62 51 160.00 25 15 8.63 
63 52 20.00 30 15 3 
64 53 64.00 25 15 3 
65 54 14.00 35 30 3 
66 55 4.50 24 35 3 
67 56 2.00 35 60 3 
68 57 6.00 5 60 3 
69 58 1.00 25 12 5.15 
70 58 260.00 25 12 5.15 
71 59 12.00 37 45 3 
72 59 8.00 37 45 3 
73 59 4.00 37 45 3 
74 60 119.50 8 15 3 
75 60 1.00 8 15 3 
76 60 99.00 8 15 3 
77 61 72.00 15 16 3.77 
78 62 6.00 35 40 3 
79 63 17.50 25 15 3 
80 64 5.00 25 60 3 
81 65 1.50 30 60 3 
82 66 24.00 35 30 4.57 
83 67 13.50 15 45 5.2 
84 68 5.00 25 45 3 
85 69 10.00 15 16 3.83 
86 70 6.50 30 45 3 
87 71 21.00 45 15 3 
88 72 101.00 10 15 3 
89 73 4.50 40 60 3 
90 74 196.00 25 16 21.0 
91 75 5.50 30 20 3 
92 76 11.00 40 20 3 
93 77 38.00 15 15 3 
94 78 36.00 35 35 3 
95 79 3.50 20 30 3 
96 80 16.00 35 40 3 
97 81 8.00 32 60 3 
98 82 24.00 15 20 0.7 
99 83 6.00 25 30 3 
100 84 3.50 20 15 3 
101 85 16.00 40 28 3 
102 86 141.50 32 14 3 
103 86 7.50 32 14 3 
104 87 29.00 30 40 3 
105 88 276.00 33 16 12.33 
106 89 3.00 40 60 5.93 
107 90 8.00 24 60 11.73 
108 91 18.00 35 30 3 
109 92 60.00 20 16 2.63 
110 92 32.00 20 16 2.63 
111 93 5.50 40 30 3 
112 94 28.00 35 60 10.2 
113 95 18.50 25 20 3 
0 15143 201 20 20 8 446 857 
1 14417 117 20 20 8 429 879 
2 7000069 35115 20 20 8 575 944 
3 15467 1085 54 54 8 385 1032 
4 7000013 1849 58 58 12 412 997 
5 2022 1161 58 58 8 386 944 
6 15213 270 5 5 8 368 976 
7 15607 1499 5 5 8 476 910 
8 15228 279 5 5 8 395 976 
9 15405 938 5 5 8 433 1005 
10 15401 926 5 5 8 526 895 
11 15436 1007 5 5 8 429 936 
12 15521 1310 5 5 8 446 911 
13 15558 1364 10 10 8 420 1018 
14 7000042 35055 20 57 12 481 994 
15 15243 363 20 57 8 488 1006 
16 7000056 -1 -1 57 8 457 1077 
17 7000008 1841 57 57 12 429 851 
18 15535 1251 57 57 8 385 1048 
19 15245 372 20 57 8 491 854 
20 15605 1497 57 57 8 445 932 
21 15161 213 20 57 8 488 1071 
22 15457 1061 35 35 8 419 935 
23 15150 342 35 35 8 369 875 
24 15562 1385 35 35 8 480 869 
25 15223 276 5 5 8 378 915 
26 7000030 35031 5 5 8 486 1012 
27 15274 561 5 5 8 400 935 
28 10228 54 5 5 8 500 894 
29 15435 1004 5 5 8 419 904 
30 15542 1346 5 5 8 462 930 
31 15151 207 5 5 8 387 935 
32 15422 980 5 5 8 406 947 
33 7000053 35082 5 5 8 498 999 
34 15611 1817 20 20 8 548 792 
35 15431 995 20 20 8 552 991 
36 7000031 35037 20 20 8 555 879 
37 7000062 35106 54 54 8 432 1009 
38 15083 156 10 54 8 446 980 
39 15589 1460 54 54 8 410 982 
40 15102 -1 -1 54 8 371 985 
41 15446 1031 10 54 8 461 1003 
42 15486 1116 10 54 8 530 867 
43 15398 912 54 54 8 377 985 
44 7000059 35091 54 54 8 418 928 
45 7000011 1885 50 50 8 458 972 
46 7000038 35046 50 50 8 476 1002 
47 7000045 -1 -1 50 8 494 1051 
48 15598 815 50 50 8 506 751 
49 15479 811 50 50 8 432 847 
50 14340 291 50 50 8 371 825 
51 15615 818 50 50 8 444 898 
52 15450 779 50 50 8 393 782 
53 15476 -1 -1 50 8 411 1026 
54 14347 300 50 50 8 378 994 
55 15358 762 20 20 8 486 764 
56 15176 231 20 20 8 443 844 
57 15560 1379 58 58 8 394 1024 
58 7000067 -1 -1 58 12 495 981 
59 2006 1147 58 58 8 420 855 
60 2026 1165 58 58 12 454 964 
61 2072 1301 58 58 8 390 937 
62 7000054 -1 -1 58 8 404 731 
63 2068 1289 58 58 12 456 934 
64 2057 1182 58 58 8 460 1068 
65 2047 1173 58 58 8 441 906 
66 7000032 -1 -1 35 8 480 888 
67 15414 962 35 35 8 400 910 
68 7000063 35103 20 20 8 567 957 
69 15107 177 20 20 8 432 1013 
70 15173 228 10 10 8 449 941 
71 2040 1170 58 58 8 446 1015 
72 15277 570 10 10 8 462 873 
73 15076 246 10 10 12 381 921 
74 15062 144 10 10 8 385 980 
75 15103 171 10 10 8 396 808 
76 15459 1067 10 10 8 413 960 
77 15488 1125 10 10 8 427 1058 
78 7000066 35112 10 10 8 444 1037 
79 7000065 35109 10 10 8 441 914 
80 7000029 35028 10 10 8 436 985 
81 7000041 -1 -1 35 8 505 935 
82 15588 1457 57 57 8 411 987 
83 15246 375 5 5 12 467 982 
84 15376 810 5 5 12 487 944 
85 10124 126 5 5 12 507 928 
86 15377 813 5 5 12 531 892 
87 15555 -1 -1 5 8 457 977 
88 15438 1013 5 5 8 433 832 
89 15580 -1 -1 5 8 466 916 
90 15305 625 5 5 8 534 1007 
91 15428 992 5 5 8 523 1012 
92 15369 792 10 54 8 513 930 
93 15112 183 10 54 8 466 890 
94 15547 1355 35 35 8 416 889 
95 7000052 35076 20 20 8 560 850 
96 15451 1052 20 20 8 514 1043 
97 15566 1255 57 57 8 385 893 
98 2158 1168 57 57 8 364 944 
99 2001 1152 57 57 12 385 767 
100 15383 834 20 57 12 481 1049 
101 2149 1221 57 57 8 385 932 
102 2120 1206 57 57 12 399 923 
103 15392 892 35 35 8 383 944 
104 15614 1829 35 35 8 475 856 
105 15578 1427 35 35 8 462 1040 
106 15553 1358 35 35 8 441 935 
107 2019 1148 58 58 8 424 944 
108 15408 941 35 35 8 392 935 
109 15582 1442 57 57 8 411 1033 
110 15423 983 10 10 8 411 924 
111 15612 1823 57 57 8 429 981