8
88
103
120
0 2489 5 135.0 
1 2490 10 111.0 
2 2491 20 87.0 
3 2492 35 75.0 
4 2493 50 75.0 
5 2494 54 70.0 
6 2495 57 90.0 
7 2496 58 90.0 
0 932371 000785 1609 54 675.00 2.00 
1 934932 104892 118 57 660.00 5.00 
2 932889 070149 359 5 600.00 3.00 
3 935451 103820 2154 54 900.00 7.00 
4 932384 000785 1133 5 420.00 1.50 
5 932386 000785 1612 5 900.00 3.50 
6 932901 104500 501 54 420.00 88.00 
7 934442 102752 1777 57 630.00 51.00 
8 931884 104848 1497 5 420.00 18.00 
9 933932 103352 690 10 480.00 214.00 
10 935468 101727 2156 35 840.00 50.00 
11 933944 002695 1897 5 765.00 3.00 
12 934971 102603 714 5 705.00 2.00 
13 933952 070149 84 20 690.00 17.50 
14 932939 003650 1708 5 450.00 23.00 
15 933964 104696 1900 58 600.00 33.00 
16 929392 100060 96 20 675.00 2.50 
17 934524 104686 2001 20 720.00 21.00 
18 932483 003483 1628 50 750.00 20.00 
19 932997 104686 140 5 480.00 64.00 
20 934030 104841 1911 35 660.00 7.50 
21 933527 103723 1805 50 600.00 24.00 
22 935575 103762 2168 10 870.00 15.00 
23 933532 036960 1691 20 780.00 50.50 
24 934570 100131 318 50 630.00 3.00 
25 935087 100878 973 54 630.00 31.00 
26 925361 104706 278 5 630.00 60.50 
27 929469 003390 170 20 870.00 42.50 
28 935104 104284 2099 35 570.00 19.00 
29 932545 104401 438 5 765.00 40.00 
30 934083 104686 68 35 540.00 28.00 
31 934084 104686 68 35 780.00 7.00 
32 934597 104746 256 5 780.00 11.00 
33 934610 101881 2012 50 540.00 17.50 
34 934611 COD 1700 50 420.00 12.50 
35 935124 003483 146 54 810.00 11.00 
36 932565 103929 297 58 480.00 12.00 
37 933590 000785 1478 5 840.00 12.00 
38 933597 023155 1827 50 900.00 5.00 
39 932586 104842 105 58 450.00 234.50 
40 933613 103723 1832 50 780.00 47.50 
41 932600 102603 431 35 415.00 287.50 
42 931578 102309 1436 35 450.00 11.50 
43 933632 104590 1834 54 810.00 32.00 
44 934660 104256 126 58 960.00 16.00 
45 930573 003483 146 54 445.00 141.00 
46 935182 101989 90 5 930.00 5.00 
47 932114 103692 1547 20 540.00 32.00 
48 934678 100211 2024 58 840.00 85.00 
49 934169 104696 1793 58 780.00 38.50 
50 933671 104862 1841 58 750.00 40.50 
51 932651 103762 1655 10 420.00 117.00 
52 932140 001460 1554 50 420.00 26.00 
53 933696 104831 36 57 480.00 115.00 
54 935237 104490 1862 35 690.00 31.50 
55 933714 104284 1848 35 420.00 40.00 
56 932692 101951 128 57 420.00 32.00 
57 934233 104313 1951 58 795.00 17.50 
58 934751 103987 2041 58 420.00 26.00 
59 931690 104054 33 57 480.00 287.50 
60 935274 000785 420 5 510.00 8.00 
61 933747 104686 63 5 630.00 9.00 
62 933236 104649 600 10 570.00 70.00 
63 932213 000241 1567 10 750.00 48.00 
64 932218 103062 379 20 540.00 18.00 
65 933244 104649 600 58 450.00 63.00 
66 933762 104686 59 54 480.00 112.00 
67 931219 103338 133 20 450.00 28.00 
68 934811 104835 248 57 810.00 7.00 
69 931743 102893 1462 35 810.00 16.00 
70 933282 003308 1325 57 870.00 10.00 
71 931756 003390 1246 54 900.00 3.00 
72 932276 104406 1582 5 420.00 7.00 
73 927675 104706 278 5 600.00 42.00 
74 930238 000164 1201 5 870.00 40.00 
75 933823 100316 1873 10 750.00 24.00 
76 930755 104815 94 10 750.00 12.00 
77 933832 101012 1878 5 450.00 8.00 
78 924619 104269 79 20 745.00 65.50 
79 932814 000785 1687 10 900.00 21.00 
80 932303 104686 1588 5 420.00 120.00 
81 931797 104054 186 10 420.00 107.00 
82 933338 104970 47 54 810.00 19.50 
83 934374 103722 1118 5 420.00 7.00 
84 934379 104686 293 20 415.00 40.00 
85 925165 104706 278 5 450.00 39.50 
86 935414 002453 1749 35 900.00 8.00 
87 935416 104686 2145 35 930.00 12.00 
0 0 2.00 35 60 3 
1 1 5.00 30 30 3 
2 2 3.00 30 30 3 
3 3 7.00 30 60 3 
4 4 1.50 30 60 3 
5 5 3.50 25 60 3 
6 6 80.00 35 24 5.3 
7 6 8.00 35 24 5.3 
8 7 51.00 28 17 3 
9 8 18.00 15 30 3 
10 9 204.00 35 16 17.97 
11 9 10.00 35 16 17.97 
12 10 50.00 40 15 3 
13 11 3.00 40 60 3.37 
14 12 2.00 15 60 3 
15 13 17.50 25 60 3 
16 14 13.00 20 30 3 
17 14 10.00 20 30 3 
18 15 17.00 35 30 3 
19 15 16.00 35 30 3 
20 16 2.50 30 60 3 
21 17 21.00 35 20 3 
22 18 20.00 35 35 3 
23 19 64.00 40 32 6.47 
24 20 7.50 24 90 3 
25 21 24.00 35 30 3 
26 22 15.00 25 60 4.47 
27 23 43.50 5 15 3 
28 23 7.00 5 15 3 
29 24 3.00 35 30 3 
30 25 31.00 20 15 12.52 
31 26 60.50 35 15 10.5 
32 27 42.50 15 15 10.2 
33 28 19.00 25 15 3 
34 29 40.00 25 16 3 
35 30 28.00 30 15 7.8 
36 31 7.00 35 60 3 
37 32 11.00 35 30 3 
38 33 17.50 25 15 3 
39 34 12.50 43 25 3 
40 35 11.00 20 30 3 
41 36 12.00 30 90 3 
42 37 12.00 30 45 3 
43 38 5.00 21 45 3 
44 39 234.50 25 12 3 
45 40 47.50 35 20 3 
46 41 286.50 13 13 3 
47 41 1.00 13 13 3 
48 42 11.50 27 45 3 
49 43 32.00 15 30 10.7 
50 44 16.00 12 10 3 
51 45 1.00 20 15 35.18 
52 45 42.00 20 15 35.18 
53 45 10.00 20 15 35.18 
54 45 88.00 20 15 35.18 
55 46 5.00 20 60 3 
56 47 32.00 35 45 3 
57 48 85.00 22 15 3 
58 49 38.50 45 20 3 
59 50 13.00 45 45 3 
60 50 27.50 45 45 3 
61 51 117.00 35 25 5.8 
62 52 26.00 35 40 3 
63 53 115.00 20 20 3 
64 54 31.50 35 15 3 
65 55 27.00 25 30 3 
66 55 13.00 25 30 3 
67 56 32.00 25 40 3 
68 57 6.50 30 45 3 
69 57 11.00 30 45 3 
70 58 26.00 22 18 3 
71 59 287.50 32 12 3 
72 60 8.00 25 60 3 
73 61 9.00 35 20 3 
74 62 70.00 34 40 3 
75 63 48.00 20 15 3 
76 64 18.00 26 30 9.67 
77 65 63.00 20 35 3 
78 66 112.00 15 15 4.87 
79 67 28.00 35 30 0.67 
80 68 7.00 35 45 3 
81 69 16.00 25 45 3 
82 70 10.00 35 30 3 
83 71 3.00 25 60 3 
84 72 7.00 20 60 3 
85 73 42.00 35 30 3 
86 74 40.00 20 25 4.73 
87 75 24.00 20 20 3 
88 76 12.00 30 40 2.1 
89 77 8.00 25 60 3 
90 78 1.50 25 30 1.37 
91 78 64.00 25 30 1.37 
92 79 21.00 40 30 3 
93 80 120.00 40 30 36.53 
94 81 83.00 30 24 11.43 
95 81 24.00 30 24 11.43 
96 82 19.50 20 45 5.53 
97 83 7.00 30 60 3 
98 84 39.00 35 45 8.1 
99 84 1.00 35 45 8.1 
100 85 39.50 40 15 9.97 
101 86 8.00 30 60 3 
102 87 12.00 25 20 3 
0 15102 -1 -1 54 8 415 991 
1 15161 213 20 20 8 401 1002 
2 7000031 35037 20 20 8 493 991 
3 7000069 35115 20 20 8 522 996 
4 15605 1497 57 57 8 470 931 
5 15176 231 20 20 8 408 944 
6 15143 201 20 20 8 387 961 
7 15383 834 20 20 12 526 991 
8 15107 177 20 20 8 375 1041 
9 15223 276 5 5 8 406 914 
10 15228 279 5 5 8 414 926 
11 15347 734 5 5 8 441 924 
12 15432 998 5 5 8 456 926 
13 15405 938 5 5 8 460 1005 
14 15515 1283 5 5 8 475 1008 
15 15151 207 5 5 8 389 982 
16 15305 625 5 5 8 421 1031 
17 15017 -1 -1 5 8 377 994 
18 15110 180 5 5 8 380 1006 
19 15580 -1 -1 5 8 512 1030 
20 15213 270 5 5 8 556 873 
21 15422 980 5 5 8 452 994 
22 15555 -1 -1 5 8 519 1071 
23 15460 1070 20 20 8 471 927 
24 15431 995 20 20 8 436 986 
25 15245 372 20 20 8 728 1004 
26 7000052 35076 20 20 8 538 1051 
27 15112 183 10 5 8 401 998 
28 15542 1346 5 5 8 487 1054 
29 15607 1499 5 5 8 547 1104 
30 15398 912 54 54 8 427 958 
31 15467 1085 54 54 8 448 921 
32 15589 1460 54 54 8 454 981 
33 7000062 35106 54 54 8 483 913 
34 15488 1125 10 54 8 518 978 
35 7000026 35022 10 54 8 508 1050 
36 15428 992 5 54 8 509 978 
37 15446 1031 10 54 8 483 1008 
38 15435 1004 5 54 8 516 1037 
39 7000029 35028 10 54 8 495 1014 
40 15516 1286 20 20 8 471 970 
41 15408 941 35 35 8 414 1044 
42 15562 1385 35 35 8 468 977 
43 15526 1246 57 57 12 439 828 
44 15535 1251 57 57 8 443 829 
45 15566 1255 57 57 8 454 1002 
46 15582 1442 57 57 8 462 917 
47 15606 1496 57 57 12 476 923 
48 15612 1823 57 57 8 486 958 
49 15421 -1 -1 57 8 500 1002 
50 7000056 -1 -1 57 8 514 884 
51 7000011 1885 50 57 8 514 916 
52 15588 1457 57 57 8 468 1028 
53 2158 1168 57 57 8 369 867 
54 2149 1221 57 57 8 381 885 
55 2167 1235 57 57 8 431 911 
56 15615 818 50 57 8 514 1003 
57 15598 815 50 57 8 514 969 
58 15539 1343 35 35 8 441 927 
59 15103 171 10 10 8 371 833 
60 15277 570 10 5 8 409 1000 
61 15423 983 10 10 8 444 999 
62 7000065 35109 10 10 8 490 1076 
63 15083 156 10 10 8 377 888 
64 15369 792 10 10 8 443 1029 
65 15486 1116 10 10 8 467 941 
66 14411 123 5 10 12 392 890 
67 15346 733 5 5 12 432 930 
68 15358 762 20 20 8 460 1015 
69 14347 300 50 50 8 373 869 
70 15476 -1 -1 50 8 415 853 
71 15479 811 50 50 8 447 931 
72 15246 375 5 10 12 489 907 
73 7000042 35055 20 10 12 489 1043 
74 7000063 35103 20 20 8 512 952 
75 10228 54 5 5 8 367 998 
76 15138 195 5 5 8 400 963 
77 15274 561 5 5 8 433 886 
78 15436 1007 5 5 8 468 903 
79 15559 1370 5 5 8 495 886 
80 15521 1310 5 5 8 481 934 
81 2057 1182 58 58 8 446 1051 
82 2019 1148 58 58 8 405 1018 
83 2022 1161 58 58 8 416 1075 
84 2047 1173 58 58 8 440 986 
85 2040 1170 58 58 8 453 1026 
86 2068 1289 58 58 12 473 1118 
87 15560 1379 58 58 8 473 1075 
88 700013 -1 -1 58 12 485 1152 
89 2006 1147 58 58 8 387 1107 
90 2026 1165 58 58 12 429 1050 
91 2023 1164 58 58 8 419 1009 
92 15150 342 35 35 8 380 900 
93 15343 725 35 35 8 389 1007 
94 15217 841 35 35 8 397 917 
95 15392 892 35 35 8 406 995 
96 15414 962 35 35 8 415 861 
97 15457 1061 35 35 8 427 954 
98 15553 1358 35 35 8 452 976 
99 15578 1427 35 35 8 476 919 
100 7000041 -1 -1 35 8 476 1031 
101 7000032 -1 -1 35 8 490 931 
102 10124 126 5 10 12 447 951 
103 14417 117 20 20 8 367 868 
104 15243 363 20 20 8 429 930 
105 15376 810 5 10 12 429 909 
106 15401 926 5 5 8 472 967 
107 2072 1301 58 58 8 468 1046 
108 7000059 35091 54 54 8 454 1026 
109 15450 779 50 50 8 406 897 
110 14340 291 50 50 8 364 963 
111 7000045 -1 -1 50 8 520 1032 
112 7000008 1841 57 57 12 491 932 
113 7000038 35046 50 50 8 507 931 
114 7000018 -1 -1 57 8 525 981 
115 15550 1254 57 57 8 450 858 
116 2120 1206 57 35 12 397 969 
117 15377 813 5 10 12 525 978 
118 15076 246 10 10 12 439 864 
119 15451 1052 20 20 8 459 952