Drivers:       145
  0    15017 259          -1  1  8  370
  1    15110 440          -1  1  8  395
  2    15138 450          -1  1  8  415
  3    15213 249          -1  1  8  430
  4    15223 320          -1  1  8  430
  5    15274 379          -1  1  8  445
  6    15228 340          -1  1  8  445
  7    15401 461          -1  1  8  450
  8    15405 381          -1  1  8  460
  9    15428 196          -1  1  8  460
 10    15162 392          -1  1  8  465
 11    15515 342          -1  1  8  485
 12    15436 382          -1  1  8  485
 13    15521 098          -1  1  8  495
 14    15580 029          -1  1  8  505
 15    15438 361          -1  1  8  510
 16    15542 521          -1  1  8  515
 17    15555 436          -1  1  8  520
 18    15559 315          -1  1  8  535
 19    15607 188          -1  1  8  540
 20  7000053 024          -1  1  8  540
 21    10228 368          -1  1  8  560
 22  7000030 464          -1  1  8  570
 23    15062 490          -1  2  8  365
 24  7000029 490|319      -1  2  8  365
 25    15103 344          -1  2  8  385
 26    15083 460          -1  2  8  395
 27    15369 433          -1  2  8  405
 28    15423 366          -1  2  8  410
 29    15459 390          -1  2  8  425
 30    15486 313          -1  2  8  440
 31    15112 486          -1  2  8  465
 32        1 710NEPVE     -1  2  8  475
 33        1 714NEPVE     -1  2  8  495
 34        1 704NEPVE     -1  2  8  540
 35        1 0187__PI     -1  2  8  660
 36    14417 437          -1  4  8  345
 37    15070 426          -1  4  8  365
 38    15143 370          -1  4  8  390
 39    15176 350          -1  4  8  405
 40    15409 312          -1  4  8  440
 41    15243 449          -1  4  8  450
 42    15358 364          -1  4  8  455
 43    15107 367          -1  4  8  465
 44    15516 385          -1  4  8  495
 45  7000069 189          -1  4  8  500
 46    15615 324          -1  4  8  510
 47  7000011 325          -1  4  8  545
 48    15150 301          -1  0  8  360
 49    15343 300          -1  0  8  365
 50    15392 463          -1  0  8  380
 51    15217 454          -1  0  8  380
 52    15408 455          -1  0  8  385
 53    15414 489          -1  0  8  390
 54    15457 150          -1  0  8  410
 55    15539 155          -1  0  8  425
 56    15547 149          -1  0  8  425
 57    15553 096          -1  0  8  440
 58    15578 037          -1  0  8  455
 59    15562 140          -1  0  8  455
 60    15535 832          -1  0  8  470
 61  7000041 185          -1  0  8  480
 62  7000032 345          -1  0  8  480
 63    15614 138          -1  0  8  480
 64    15566 822          -1  0  8  510
 65    15582 032          -1  0  8  550
 66    15479 347          -1  3  8  425
 67    15598 434          -1  3  8  550
 68  7000018 435          -1  3  8  560
 69  7000038 157          -1  3  8  575
 70  7000045 456          -1  3  8  590
 71    15102 349          -1  5  8  385
 72    15398 462          -1  5  8  385
 73    15589 156          -1  5  8  395
 74    15245 308          -1  5  8  415
 75  7000062 035          -1  5  8  420
 76  7000059 019          -1  5  8  425
 77    15467 467          -1  5  8  445
 78    15446 389          -1  5  8  450
 79    15451 135|383      -1  5  8  480
 80    15460 097          -1  5  8  485
 81    15422 321          -1  5  8  490
 82    15435 388          -1  5  8  495
 83    15558 314          -1  5  8  500
 84  7000031 190|363      -1  5  8  505
 85  7000026 369          -1  5  8  505
 86    15431 363          -1  5  8  505
 87    15277 158          -1  5  8  530
 88  7000065 200          -1  5  8  530
 89  7000066 018          -1  5  8  530
 90  7000063 190          -1  5  8  800
 91  7000052 135          -1  5  8  900
 92     2158 377          -1  6  8  380
 93     2149 831          -1  6  8  380
 94     2167 866          -1  6  8  385
 95    15588 828          -1  6  8  430
 96    15605 807          -1  6  8  440
 97    15612 371          -1  6  8  455
 98    15450 346          -1  6  8  470
 99  7000056 826          -1  6  8  475
100    14340 482          -1  6  8  475
101    15476 378          -1  6  8  485
102    15421 820          -1  6  8  485
103    14347 020          -1  6  8  490
104    15550 834          -1  6  8  510
105     2006 448          -1  7  8  360
106     2023 548          -1  7  8  365
107     2047 536          -1  7  8  390
108     2057 529          -1  7  8  400
109     2072 526          -1  7  8  405
110    15560 528          -1  7  8  420
111  7000054 527          -1  7  8  440
112     2019 294          -1  7  8  490
113     2022 099          -1  7  8  495
114     2040 531          -1  7  8  510
115        1 104_VAIL     -1  7  8  525
116        1 77BLAIN      -1  7  8  535
117        1 035BLAIN     -1  7  8  575
118        1 301_VAIL     -1  7  8  580
119    14411 532          -1  1 12  365
120    10124 295          -1  1 12  395
121    15246 296          -1  1 12  400
122    15377 065          -1  1 12  430
123    15346 524          -1  1 12  495
124    15076 537          -1  2 12  355
125    15383 160          -1  2 12  460
126  7000042 297          -1  2 12  480
127        1 6402_BEL     -1  2 12  505
128        1 6406_BEL     -1  2 12  505
129        1 6401_BEL     -1  2 12  510
130        1 6405BEL      -1  2 12  535
131        1 6407BEL      -1  2 12  545
132     2001 867          -1  6 12  400
133     2120 836          -1  6 12  420
134    15526 827          -1  6 12  430
135    15606 068          -1  6 12  440
136  7000008 053          -1  6 12  455
137        1 706NEPVE     -1  6 12  505
138        1 718_NEPV     -1  6 12  515
139        1 708NEPVE     -1  6 12  540
140        1 215_MD       -1  6 12  555
141     2026 429          -1  7 12  385
142  7000013 478          -1  7 12  425
143  7000067 430          -1  7 12  500
144     2068 468          -1  7 12  545
Clients:  116 3818.0
  0 930651 103590 1277  6  450   1.0  1 
  1 929381 COD    1041  6  540   1.0  1 
  2 930775 102603  519  0  660   1.0  1 
  3 928676 103867  914  1  600   1.5  1 
  4 929553 102183  959  3  780   1.5  1 
  5 930297 104747  597  7  915   1.5  1 
  6 929239 001620 1017  3  480   2.0  1 
  7 930571 023020 1255  0  780   2.0  1 
  8 930959 016918 1337  2  900   2.5  1 
  9 930303 104747  107  7  919   2.5  1 
 10 930311 104747 1216  7  990   2.5  1 
 11 930456 070149   64  5  480   3.0  1 
 12 930761 104741   71  2  630   3.0  1 
 13 929173 003390 1008  5  840   3.0  1 
 14 930834 103352  690  1  900   3.0  1 
 15 929938 000785 1148  2  900   3.0  1 
 16 929447 102625   70  1  900   3.0  1 
 17 930307 104747  596  7  990   3.0  1 
 18 930676 104916 1127  7  570   3.5  1 
 19 929584 003293 1081  0  780   3.5  1 
 20 930301 104747  106  7  917   3.5  1 
 21 923979 104686   56  0  480   4.0  1 
 22 931010 101727 1339  0  630   4.0  1 
 23 931044 103762 1347  2  630   4.0  1 
 24 928423 104970   47  5  720   4.0  1 
 25 930255 002330 1204  6  720   4.0  1 
 26 930849 104706  278  1  810   4.0  1 
 27 924359 000785  195  1  840   4.0  1 
 28 930858 100740 1320  1  900   4.0  1 
 29 931100 000785  195  2  930   4.0  1 
 30 928703 104123  921  7  870   4.5  1 
 31 930905 003308 1325  1  900   4.5  1 
 32 928100 023155  811  5  930   4.5  1 
 33 928882 104244  947  7  450   5.0  1 
 34 930201 101685 1193  0  810   5.0  1 
 35 930787 103899 1305  7  870   5.0  1 
 36 930843 000469 1316  0  420   6.0  1 
 37 929081 103577  985  0  510   6.0  1 
 38 931109 COD    1354  6  840   6.0  1 
 39 930824 104158 1312  6  870   6.0  1 
 40 928241 103702  840  4  420   7.0  1 
 41 930170 104622 1152  3  630   7.0  1 
 42 928694 104123  918  7  420   8.0  1 
 43 930212 COD    1195  0  900   8.0  1 
 44 930851 104706  278  1  870   9.0  1 
 45 930932 102164 1329  6  870   9.0  1 
 46 930609 COD    1262  3  720  10.0  1 
 47 931097 003390 1027  6  660  11.0  1 
 48 929621 104686  830  0  495  12.0  1 
 49 929959 104158 1153  6  810  12.0  1 
 50 928312 102603  855  1  660  12.5  1 
 51 930484 104284 1237  0  720  12.5  1 
 52 928949 103765  958  0  540  13.5  1 
 53 929082 104256  126  7  780  13.5  1 
 54 930627 104815   94  2  780  13.5  1 
 55 928419 015721  744  0  840  13.5  1 
 56 930006 102219 1163  6  480  15.0  1 
 57 924450 COD     216  0  510  15.0  1 
 58 929585 104686 1082  5  540  15.0  1 
 59 931016 102938 1341  6  600  15.0  1 
 60 928366 023155  865  0  870  15.0  1 
 61 930945 103910 1249  3  870  15.0  1 
 62 929405 104696 1046  7  720  15.5  1 
 63 929567 102164 1077  0  420  16.0  1 
 64 930655 001620  547  3  600  16.0  1 
 65 929067 100373  943  7  660  16.0  1 
 66 928663 103867  913  1  780  16.0  1 
 67 929302 104697 1029  7  420  17.0  1 
 68 929901 070149  444  4  420  17.0  1 
 69 929448 104284 1058  0  900  17.0  1 
 70 930915 COD    1326  6  450  17.5  2 
 71 928082 023155  811  4  540  18.0  1 
 72 925346 104706  278  5  690  19.5  1 
 73 929455 003390 1027  4  840  21.0  1 
 74 924844 102625  153  6  480  22.0  1 
 75 927848 070149   84  5  420  23.5  1 
 76 929014 101820  974  0  420  24.0  1 
 77 929289 100316 1024  2  720  24.0  1 
 78 927876 002884   40  1  900  24.0  1 
 79 929402 104843 1044  7  870  24.5  1 
 80 929623 104686  829  0  615  25.5  1 
 81 929634 104686 1088  0  660  26.0  1 
 82 927717 102893  739  0  720  26.0  1 
 83 927859 102929  759  6  780  26.5  1 
 84 929766 102625   78  2  780  30.0  2 
 85 920236 103762   20  2  420  34.0  1 
 86 928763 COD     924  0  420  36.0  1 
 87 929729 100878  122  1  660  36.0  2 
 88 929980 103973 1157  7  600  36.5  1 
 89 917252 104590    0  5  810  37.0  1 
 90 925140 104706  278  1  450  39.0  1 
 91 930852 104706  278  5  540  40.0  1 
 92 927659 104706  278  5  510  42.0  1 
 93 929562 104490 1076  0  630  44.0  1 
 94 928516 104686  140  1  480  48.0  1 
 95 930272 103685 1207  6  720  50.5  1 
 96 927247 104741   71  2  540  51.0  1 
 97 928432 104401  438  1  750  52.0  1 
 98 929696 103723  653  3  600  56.0  1 
 99 929583 104686   59  5 1380  62.0  1 
100 929246 036960  768  3  750  64.0  2 
101 926821 104905  551  6  540  65.0  1 
102 928297 104712  849  0  870  71.0  1 
103 925837 070149  364  2  480  72.0  2 
104 926087 104842  105  7  750  79.5  1 
105 922670 104269   79  4  625  97.0  3 
106 929411 104831   86  6  420 100.0  2 
107 929912 070149   84  5  420 109.0  1 
108 931074 103762 1349  2  660 112.0  1 
109 927597 104686  250  1  480 130.0  1 
110 928728 103753  139  7  420 143.5  1 
111 927415 104830  681  2  420 176.0  1 
112 927410 003483  146  4  445 214.0  3 
113 928710 104831  129  6  630 215.5  1 
114 928108 103772  115  7  480 245.0  4 
115 926685 102625  533  1  415 377.0  2 
Orders:  130  
  0   0   1.0  6  
  1   1   1.0  6  
  2   2   1.0  0  
  3   3   1.5  1  
  4   4   1.5  3  
  5   5   1.5  7  
  6   6   2.0  3  
  7   7   2.0  0  
  8   8   2.5  2  
  9   9   2.5  7  
 10  10   2.5  7  
 11  11   3.0  5  
 12  12   3.0  2  
 13  13   3.0  5  
 14  14   3.0  1  
 15  15   3.0  2  
 16  16   3.0  1  
 17  17   3.0  7  
 18  18   3.5  7  
 19  19   3.5  0  
 20  20   3.5  7  
 21  21   4.0  0  
 22  22   4.0  0  
 23  23   4.0  2  
 24  24   4.0  5  
 25  25   4.0  6  
 26  26   4.0  1  
 27  27   4.0  1  
 28  28   4.0  1  
 29  29   4.0  2  
 30  30   4.5  7  
 31  31   4.5  1  
 32  32   4.5  5  
 33  33   5.0  7  
 34  34   5.0  0  
 35  35   5.0  7  
 36  36   6.0  0  
 37  37   6.0  0  
 38  38   6.0  6  
 39  39   6.0  6  
 40  40   7.0  4  
 41  41   7.0  3  
 42  42   8.0  7  
 43  43   8.0  0  
 44  44   9.0  1  
 45  45   9.0  6  
 46  46  10.0  3  
 47  47  11.0  6  
 48  48  12.0  0  
 49  49  12.0  6  
 50  50  12.5  1  
 51  51  12.5  0  
 52  52  13.5  0  
 53  53  13.5  7  
 54  54  13.5  2  
 55  55  13.5  0  
 56  56  15.0  6  
 57  57  15.0  0  
 58  58  15.0  5  
 59  59  15.0  6  
 60  60  15.0  0  
 61  61  15.0  3  
 62  62  15.5  7  
 63  63  16.0  0  
 64  64  16.0  3  
 65  65  16.0  7  
 66  66  16.0  1  
 67  67  17.0  7  
 68  68  17.0  4  
 69  69  17.0  0  
 70  70   6.0  6  
 71  70  11.5  6  
 72  71  18.0  4  
 73  72  19.5  5  
 74  73  21.0  4  
 75  74  22.0  6  
 76  75  23.5  5  
 77  76  24.0  0  
 78  77  24.0  2  
 79  78  24.0  1  
 80  79  24.5  7  
 81  80  25.5  0  
 82  81  26.0  0  
 83  82  26.0  0  
 84  83  26.5  6  
 85  84  26.0  2  
 86  84   4.0  2  
 87  85  34.0  2  
 88  86  36.0  0  
 89  87   5.0  1  
 90  87  31.0  1  
 91  88  36.5  7  
 92  89  37.0  5  
 93  90  39.0  1  
 94  91  40.0  5  
 95  92  42.0  5  
 96  93  44.0  0  
 97  94  48.0  1  
 98  95  50.5  6  
 99  96  51.0  2  
100  97  52.0  1  
101  98  56.0  3  
102  99  62.0  5  
103 100  56.0  3  
104 100   8.0  3  
105 101  65.0  6  
106 102  71.0  0  
107 103  16.0  2  
108 103  56.0  2  
109 104  79.5  7  
110 105   1.5  4  
111 105  80.0  4  
112 105  15.5  4  
113 106   8.0  6  
114 106  92.0  6  
115 107 109.0  5  
116 108 112.0  2  
117 109 130.0  1  
118 110 143.5  7  
119 111 176.0  2  
120 112   1.0  4  
121 112  19.0  4  
122 112 194.0  4  
123 113 215.5  6  
124 114   2.0  2  
125 114 200.0  7  
126 114   7.0  7  
127 114  36.0  7  
128 115   1.0  1  
129 115 376.0  1  
Plants:   8
 0 2492 35  75 
 1 2489  5 135 
 2 2490 10 111 
 3 2493 50  75 
 4 2491 20  87 
 5 2494 54  70 
 6 2495 57  90 
 7 2496 58  90