Drivers:        39
  0  7000030 464          -1  1  8    0
  1  7000029 259          -1  1  8  420
  2  7000065 314          -1  1  8  420
  3  7000038 157          -1  1  8  420
  4    15562 140          -1  1  8  420
  5  7000032 345          -1  1  8  480
  6        4 445          -1  1  8  480
  7    15555 307          -1  1  8  360
  8  7000066 340          -1  1  8  420
  9    15488 391          -1  1  8  480
 10    15607 188          -1  1  8  420
 11    15423 366          -1  1  8  420
 12    15243 449          -1  2  8  480
 13    15431 363          -1  2  8    0
 14  7000052 135          -1  2  8   60
 15      137 365          -1  1  8  480
 16  7000031 349          -1  2  8  420
 17  7000059 193          -1  2  8  420
 18    15467 467          -1  2  8  420
 19    15070 426          -1  2  8  420
 20    15161 370          -1  2  8  420
 21  7000042 364          -1  2  8  420
 22  7000069 097          -1  2  8  480
 23    15107 367          -1  2  8  480
 24  7000059 384          -1  2  8  540
 25     2006 448          -1  0  8  360
 26     2019 294          -1  0  8  360
 27     2022 099          -1  0  8  420
 28     2040 531          -1  0  8  420
 29     2057 529          -1  0  8  420
 30    15560 528          -1  0  8  420
 31        1 70BLAIN      -1  0  8  480
 32        1 035BLAIN     -1  0  8  480
 33    15346 524          -1  1 12  360
 34    15377 065          -1  1 12  360
 35    14411 532          -1  1 12  420
 36    14411 295          -1  1 12  600
 37  7000067 430          -1  0 12  360
 38     2068 468          -1  0 12  420
Clients:  10 957.5
  0 931115 COD 1356  1  480   4.5  1 
  1 931274 002884 1384  1  810   6.0  1 
  2 929372 104741  261  1  630  30.0  2 
  3 930652 103679   51  1  510  48.0  1 
  4 928841 104686  453  1  600  21.5  1 
  5 929583 104686   59  2 1380  20.0  1 
  6 929631 104686  807  1  420  18.0  1 
  7 930899 101523  225  0  420 253.0  1 
  8 927607 104815  724  1  420 264.0  1 
  9 930682 003350  619  2  450 292.5  1 
Orders:  11  
  0   0   4.5  1  
  1   1   6.0  1  
  2   2  14.0  1  
  3   2  16.0  1  
  4   3  48.0  1  
  5   4  21.5  1  
  6   5  20.0  2  
  7   6  18.0  1  
  8   7 253.0  0  
  9   8 264.0  1  
 10   9 292.5  2  
Plants:   3
 0 2496 58  90 
 1 2489  5 135 
 2 2494 54  70