8
82
88
107
0 2489 5 135.0 
1 2490 10 111.0 
2 2491 20 87.0 
3 2492 35 75.0 
4 2493 50 75.0 
5 2494 54 70.0 
6 2495 57 90.0 
7 2496 58 90.0 
0 922496 102625 70 58 420.00 244.00 
1 923521 104831 129 57 780.00 65.50 
2 926338 000785 465 10 480.00 14.00 
3 926851 102625 558 10 630.00 5.00 
4 926592 102740 476 57 420.00 3.00 
5 925958 103861 392 58 960.00 21.00 
6 925832 104442 362 57 870.00 3.00 
7 923785 002518 145 35 930.00 45.50 
8 923786 002518 145 35 840.00 46.00 
9 925449 104686 68 35 540.00 19.00 
10 926734 103060 543 20 600.00 7.00 
11 926736 000857 544 20 660.00 7.00 
12 922129 104778 57 5 420.00 324.00 
13 924177 103867 181 10 900.00 5.00 
14 924307 000785 194 54 810.00 4.00 
15 926228 103685 443 57 660.00 56.00 
16 926485 100373 470 58 795.00 12.00 
17 926738 000402 546 50 570.00 12.00 
18 926740 000858 48 50 450.00 30.00 
19 926741 COD 509 57 450.00 11.00 
20 923419 001938 4 5 660.00 4.00 
21 926364 102740 477 57 780.00 7.50 
22 924062 104686 172 5 750.00 18.00 
23 926238 104604 445 50 780.00 13.50 
24 924023 003390 169 20 900.00 30.00 
25 922657 101789 77 35 450.00 27.00 
26 926241 104268 446 50 690.00 7.50 
27 926369 103723 479 50 585.00 26.00 
28 926499 104686 502 5 840.00 3.00 
29 920229 103762 14 10 420.00 40.00 
30 920230 103762 15 10 615.00 36.50 
31 922918 070735 93 20 420.00 313.00 
32 924710 003390 240 35 810.00 14.00 
33 925224 001234 291 57 840.00 3.50 
34 925607 100088 329 58 840.00 12.00 
35 926503 104490 504 35 780.00 23.00 
36 926507 002518 506 35 630.00 3.50 
37 923823 104486 151 57 780.00 18.00 
38 922928 104815 94 10 600.00 80.00 
39 926640 000785 527 35 900.00 1.50 
40 923263 101927 114 5 570.00 87.00 
41 923515 104054 33 57 480.00 175.00 
42 925879 COD 372 58 630.00 6.00 
43 925886 COD 374 58 675.00 6.00 
44 921407 104493 46 10 720.00 30.00 
45 924157 103867 178 10 480.00 40.00 
46 925891 100637 375 50 870.00 5.00 
47 925253 104686 294 57 1380.00 28.00 
48 923334 103765 120 35 930.00 25.50 
49 925126 104706 278 5 450.00 52.00 
50 925256 104896 295 58 420.00 97.00 
51 925001 104741 261 5 480.00 6.00 
52 925257 101012 116 5 840.00 1.50 
53 926410 003390 483 10 840.00 3.00 
54 925176 001234 279 57 450.00 6.00 
55 922701 104484 82 54 480.00 221.00 
56 925517 104970 47 20 780.00 36.00 
57 925775 104825 351 57 690.00 4.50 
58 926160 104362 190 5 780.00 26.00 
59 925914 000858 382 50 750.00 48.00 
60 926170 104500 53 54 540.00 4.00 
61 925405 104327 304 50 825.00 24.00 
62 925790 104256 353 58 750.00 12.00 
63 924639 103970 237 58 870.00 61.50 
64 926301 102625 457 5 480.00 1.00 
65 926687 104706 278 5 930.00 13.00 
66 925412 COD 306 57 840.00 6.00 
67 925309 104706 278 5 510.00 33.00 
68 924646 104284 238 57 600.00 22.50 
69 926440 001460 489 20 420.00 6.00 
70 926572 102625 516 20 900.00 1.00 
71 923248 104442 112 35 415.00 175.50 
72 917234 104590 0 54 870.00 22.00 
73 923252 102884 113 57 420.00 82.00 
74 926327 002891 265 10 840.00 7.00 
75 926200 104904 440 58 540.00 83.00 
76 925177 000785 280 5 930.00 2.00 
77 923003 039710 98 58 840.00 40.00 
78 925308 104706 278 5 690.00 19.50 
79 924925 000785 254 10 870.00 32.00 
80 925822 100740 360 5 420.00 2.00 
81 925183 104752 283 35 690.00 22.50 
0 0 238.00 25 12 3 
1 0 6.00 25 12 3 
2 1 65.50 25 17 3 
3 2 14.00 35 30 4.13 
4 3 5.00 19 30 16.13 
5 4 3.00 25 45 3 
6 5 21.00 40 20 3 
7 6 3.00 35 40 3 
8 7 45.50 10 15 3 
9 8 46.00 5 15 3 
10 9 19.00 35 15 3 
11 10 7.00 30 45 1.03 
12 11 7.00 35 30 1.72 
13 12 324.00 20 13 8.27 
14 13 5.00 26 60 14.63 
15 14 4.00 30 60 3 
16 15 56.00 30 45 3 
17 16 12.00 8 20 3 
18 17 12.00 24 35 3 
19 18 30.00 35 20 3 
20 19 11.00 35 30 3 
21 20 4.00 35 60 3 
22 21 7.50 32 45 3 
23 22 18.00 25 15 3.27 
24 23 13.50 35 15 3 
25 24 30.00 15 30 10.53 
26 25 27.00 25 60 3 
27 26 7.50 35 15 3 
28 27 26.00 30 50 3 
29 28 3.00 30 60 3 
30 29 40.00 21 25 17.43 
31 30 36.50 23 25 17.2 
32 31 312.00 20 12 55.93 
33 31 1.00 20 12 55.93 
34 32 14.00 20 30 3 
35 33 3.50 35 35 3 
36 34 12.00 17 15 3 
37 35 23.00 20 15 3 
38 36 3.50 10 30 3 
39 37 18.00 40 30 3 
40 38 68.00 30 30 16.27 
41 38 12.00 30 30 16.27 
42 39 1.50 25 35 3 
43 40 87.00 45 30 3 
44 41 168.00 35 12 3 
45 41 7.00 35 12 3 
46 42 6.00 18 45 3 
47 43 6.00 18 45 3 
48 44 30.00 30 24 12.2 
49 45 40.00 36 60 8.5 
50 46 5.00 25 30 3 
51 47 28.00 35 35 3 
52 48 25.50 35 15 3 
53 49 52.00 35 15 11.5 
54 50 97.00 25 14 3 
55 51 6.00 35 60 3 
56 52 1.50 25 60 3 
57 53 3.00 30 60 4.23 
58 54 6.00 30 45 3 
59 55 17.00 20 16 10.63 
60 55 204.00 20 16 10.63 
61 56 36.00 25 30 3.27 
62 57 4.50 45 45 3 
63 58 26.00 15 20 3 
64 59 48.00 30 25 3 
65 60 4.00 25 60 5.2 
66 61 24.00 35 30 3 
67 62 12.00 8 30 3 
68 63 61.50 22 15 3 
69 64 1.00 30 60 3 
70 65 13.00 35 30 3.47 
71 66 6.00 35 40 3 
72 67 33.00 23 60 3 
73 68 22.50 50 15 3 
74 69 6.00 35 60 5.7 
75 70 1.00 20 19 3 
76 71 174.50 35 12 3 
77 71 1.00 35 12 3 
78 72 22.00 15 30 3 
79 73 82.00 50 15 3 
80 74 7.00 28 45 3 
81 75 83.00 6 30 3 
82 76 2.00 35 60 3 
83 77 40.00 35 20 3 
84 78 19.50 35 15 3.2 
85 79 32.00 30 45 14.77 
86 80 2.00 16 60 3 
87 81 22.50 13 15 3 
0 15398 912 54 54 8 493 949 
1 7000031 35037 20 54 8 565 1024 
2 7000062 35106 54 54 8 511 1029 
3 15083 156 10 10 8 397 948 
4 15103 171 10 10 8 406 840 
5 15173 228 10 10 8 429 1026 
6 15277 570 10 10 8 467 1017 
7 15369 792 10 10 8 512 1058 
8 15558 1364 10 10 8 643 1048 
9 15459 1067 10 10 8 580 997 
10 7000066 35112 10 10 8 676 1017 
11 15446 1031 10 10 8 570 865 
12 15423 983 10 10 8 564 960 
13 10124 126 5 5 12 404 962 
14 15246 375 5 5 12 406 971 
15 15376 810 5 5 12 433 1040 
16 15377 813 5 5 12 453 1099 
17 10228 54 5 5 8 458 1014 
18 15422 980 5 5 8 513 1025 
19 15405 938 5 5 8 523 1088 
20 15432 998 5 5 8 526 1037 
21 15435 1004 5 5 8 531 1062 
22 15436 1007 5 5 8 538 1107 
23 15110 180 5 5 8 404 950 
24 15223 276 5 5 8 457 1038 
25 15151 207 5 5 8 473 1071 
26 15213 270 5 5 8 435 1018 
27 15428 992 5 5 8 530 1030 
28 2006 1147 58 58 8 380 923 
29 2026 1165 58 58 12 401 983 
30 2047 1173 58 58 8 413 957 
31 2068 1289 58 58 12 428 1071 
32 15560 1379 58 58 8 439 953 
33 7000067 -1 -1 58 12 457 1095 
34 2019 1148 58 58 8 384 997 
35 2040 1170 58 58 8 407 1024 
36 7000054 -1 -1 58 8 451 924 
37 2072 1301 58 58 8 433 943 
38 15414 962 35 35 8 421 998 
39 15578 1427 35 35 8 498 1033 
40 15457 1061 35 35 8 421 958 
41 15553 1358 35 35 8 466 1031 
42 7000041 -1 -1 35 8 543 1052 
43 15102 -1 -1 54 8 451 906 
44 15507 1261 54 54 8 495 1076 
45 15611 1817 20 54 8 528 949 
46 15516 1286 20 54 8 553 993 
47 7000059 35091 54 54 8 503 990 
48 15107 177 20 20 8 490 1047 
49 15143 201 20 20 8 393 953 
50 15161 213 20 20 8 431 992 
51 15243 363 20 20 8 481 886 
52 15176 231 20 20 8 464 954 
53 15245 372 20 20 8 497 924 
54 15358 762 20 20 8 505 921 
55 15431 995 20 20 8 525 1047 
56 15460 1070 20 20 8 545 1047 
57 15451 1052 20 20 8 537 886 
58 15383 834 20 20 12 596 921 
59 7000042 35055 20 20 12 604 933 
60 14417 117 20 20 8 373 964 
61 7000052 35076 20 20 8 645 1014 
62 7000063 35103 20 20 8 656 1060 
63 15486 1116 10 10 8 603 950 
64 15112 183 10 10 8 425 963 
65 15488 1125 10 10 8 648 936 
66 7000029 35028 10 10 8 675 1107 
67 15415 965 5 10 8 505 998 
68 15150 342 35 35 8 366 904 
69 15343 725 35 35 8 372 959 
70 15392 892 35 35 8 392 997 
71 15408 941 35 35 8 406 980 
72 15547 1355 35 35 8 438 1003 
73 15562 1385 35 35 8 488 1010 
74 15614 1829 35 35 8 506 1050 
75 7000032 -1 -1 35 8 518 1035 
76 2001 1152 57 57 12 372 986 
77 2158 1168 57 57 8 377 1043 
78 2120 1206 57 57 12 392 974 
79 15550 1254 57 57 8 413 1050 
80 15582 1442 57 57 8 458 974 
81 15612 1823 57 57 8 470 128 
82 14340 291 50 57 8 498 1159 
83 7000011 1885 50 57 8 514 1004 
84 15606 1496 57 57 12 471 1008 
85 15605 1497 57 57 8 458 99 
86 15588 1457 57 57 8 460 55 
87 2149 1221 57 57 8 384 952 
88 2167 1235 57 57 8 409 975 
89 15274 561 5 5 8 481 998 
90 15347 734 5 5 8 497 1112 
91 7000056 -1 -1 57 8 503 715 
92 15479 811 50 50 8 498 1027 
93 15598 815 50 50 8 505 1087 
94 15566 1255 57 57 8 687 959 
95 15228 279 5 5 8 455 902 
96 15305 625 5 5 8 585 761 
97 2057 1182 58 58 8 419 1085 
98 15138 195 5 5 8 457 1037 
99 15535 1251 57 57 8 412 1099 
100 15401 926 5 5 8 519 1086 
101 15615 818 50 50 8 442 948 
102 15450 779 50 50 8 421 959 
103 7000045 -1 -1 50 8 563 934 
104 7000018 -1 -1 50 8 461 1027 
105 14347 300 50 50 8 401 933 
106 7000038 35046 50 50 8 481 925