Drivers:        29
  0    15408 455          -1  1  8  365
  1    15547 155|454      -1  1  8  380
  2  7000032 246          -1  1  8  380
  3    15605 470          -1  1  8  415
  4    14340 482          -1  1  8  420
  5    15566 830          -1  1  8  580
  6  7000059 019          -1  2  8  405
  7    15107 367          -1  2  8  430
  8  7000062 035          -1  2  8  430
  9    15161 331          -1  2  8  460
 10    15423 369          -1  2  8  470
 11    15488 391          -1  2  8  475
 12  7000029 319          -1  2  8  490
 13  7000066 314          -1  2  8  510
 14    15405 381          -1  2  8  560
 15    15555 436          -1  2  8  570
 16    15422 321          -1  2  8  570
 17    15607 188          -1  2  8  580
 18     2158 377          -1  0  8  360
 19     2167 866          -1  0  8  380
 20    14347 469          -1  0  8  410
 21    15479 347          -1  0  8  420
 22    15598 020          -1  0  8  420
 23    15615 324          -1  0  8  430
 24    15606 835          -1  0 12  410
 25  7000008 053          -1  0 12  410
 26        1 708NEPVE     -1  0 12  445
 27        1 708NEPVE     -1  0 12  445
 28        1 708NEPVE     -1  0 12  445
Clients:  10 613.5
  0 926074 104686  162  1  540   3.0  1 
  1 926073 104686   69  1  600   6.0  1 
  2 925995 104686   56  1  720   6.5  1 
  3 926083 104686  411  1  555   9.5  1 
  4 922106 104686   55  1  420  10.0  1 
  5 924840 104686   68  1  420  15.0  1 
  6 922126 104686   56  1  630  17.0  1 
  7 923001 104686   97  2  600 118.0  1 
  8 926183 104683  436  0  420 211.5  2 
  9 923803 003483  146  2  445 217.0  4 
Orders:  14  
  0   0   3.0  1  
  1   1   6.0  1  
  2   2   6.5  1  
  3   3   9.5  1  
  4   4  10.0  1  
  5   5  15.0  1  
  6   6  17.0  1  
  7   7 118.0  2  
  8   8   1.0  0  
  9   8 210.5  0  
 10   9   1.0  2  
 11   9   3.0  2  
 12   9  19.0  2  
 13   9 194.0  2  
Plants:   3
 0 2495 57  90 
 1 2492 35  75 
 2 2494 54  70