8
102
116
122
0 2489 5 135.0 
1 2490 10 111.0 
2 2491 20 87.0 
3 2492 35 75.0 
4 2493 50 75.0 
5 2494 54 70.0 
6 2495 57 90.0 
7 2496 58 90.0 
0 932864 002695 1155 54 420.00 3.00 
1 933890 003390 1835 35 870.00 2.00 
2 933891 102219 1889 57 720.00 14.00 
3 934410 003483 146 20 715.00 35.00 
4 935441 104097 2151 58 780.00 11.00 
5 935453 002988 2155 57 810.00 2.00 
6 933920 103867 1894 54 690.00 30.00 
7 934435 103970 1983 58 840.00 42.00 
8 932915 001938 161 5 480.00 8.00 
9 933939 100373 943 58 480.00 78.50 
10 935479 104327 1938 10 420.00 11.00 
11 934969 104262 141 58 810.00 43.00 
12 932410 003350 1615 54 450.00 160.00 
13 933953 070149 84 54 420.00 19.50 
14 932421 104764 499 57 480.00 149.00 
15 934473 101012 1987 35 870.00 28.00 
16 931420 104778 57 5 410.00 272.00 
17 932967 104524 1716 58 420.00 285.00 
18 935019 001460 2089 35 810.00 4.50 
19 932459 001549 1623 5 450.00 88.00 
20 935539 104900 377 54 840.00 11.00 
21 934517 103389 1997 58 825.00 13.50 
22 934519 103726 1998 58 780.00 13.50 
23 934520 104686 1919 20 420.00 42.00 
24 932478 000164 1023 35 475.00 76.00 
25 927881 000241 766 10 750.00 13.00 
26 934537 COD 2003 57 600.00 24.00 
27 934031 104841 1911 35 660.00 8.00 
28 935056 003483 1252 58 900.00 5.00 
29 934035 100878 122 5 720.00 12.00 
30 929940 104054 224 20 480.00 40.00 
31 933012 104686 1724 5 600.00 7.00 
32 933525 103723 1805 50 810.00 24.00 
33 935572 103352 690 5 810.00 3.00 
34 933533 036960 1691 20 840.00 24.00 
35 933534 102921 1807 57 420.00 79.50 
36 935583 104706 278 5 660.00 40.00 
37 933539 104269 79 54 565.00 98.50 
38 933546 100878 847 20 480.00 196.00 
39 925362 104706 278 5 810.00 20.00 
40 929470 003390 1061 20 870.00 26.50 
41 932035 100579 147 10 750.00 14.00 
42 935624 104686 1661 5 870.00 7.00 
43 933583 104490 1823 35 420.00 70.00 
44 931543 104686 56 35 690.00 17.00 
45 933598 023155 1828 50 810.00 3.50 
46 935134 100131 318 57 540.00 3.00 
47 932587 104842 105 58 660.00 44.00 
48 933612 103723 1832 50 795.00 26.50 
49 934123 COD 1925 50 420.00 5.00 
50 934124 COD 1926 57 420.00 1.50 
51 934645 104686 177 20 840.00 8.00 
52 934647 001386 2021 35 420.00 6.50 
53 934651 102481 1321 57 870.00 5.00 
54 933633 104590 0 54 765.00 26.00 
55 935685 002453 1749 35 750.00 5.00 
56 931602 104484 350 20 660.00 42.00 
57 934163 104327 1933 5 840.00 24.00 
58 933673 104830 99 54 420.00 15.50 
59 932652 103762 1656 10 420.00 26.00 
60 934708 104097 2028 58 450.00 14.50 
61 934198 102603 1941 10 870.00 10.50 
62 935231 103861 2115 58 840.00 13.50 
63 932675 101951 128 57 420.00 25.00 
64 935241 104696 2116 58 450.00 4.00 
65 934221 002518 1948 35 450.00 13.50 
66 934745 104919 2040 58 840.00 5.00 
67 935771 003390 1061 57 660.00 6.00 
68 933727 000960 1852 50 420.00 23.00 
69 934250 003483 232 57 540.00 120.50 
70 929647 104686 56 35 450.00 17.50 
71 935797 104970 47 54 870.00 40.00 
72 933239 104649 600 10 450.00 90.00 
73 934784 103949 905 10 420.00 8.00 
74 933250 104649 600 58 510.00 74.00 
75 934789 104686 1702 54 720.00 7.00 
76 934290 104284 259 35 720.00 11.00 
77 934809 104490 2051 35 480.00 3.50 
78 934812 104835 248 35 900.00 7.00 
79 931744 102893 1462 35 810.00 13.50 
80 933280 104054 629 10 480.00 107.00 
81 934817 104831 86 57 420.00 104.50 
82 934309 102456 1501 57 840.00 24.00 
83 934313 104284 1966 35 690.00 43.00 
84 935858 104442 2205 57 840.00 2.00 
85 933301 104686 55 5 600.00 8.00 
86 935349 103685 2133 58 870.00 10.00 
87 927676 104706 278 5 480.00 28.00 
88 934844 003293 1353 35 600.00 9.50 
89 934851 102455 703 35 810.00 4.50 
90 930756 104815 94 10 690.00 16.00 
91 934343 102878 1971 57 540.00 1.00 
92 932815 000785 1687 54 885.00 7.00 
93 932304 104686 1589 5 420.00 108.00 
94 933842 002195 5 10 835.00 38.00 
95 935379 104153 2136 35 870.00 1.00 
96 933340 104970 47 20 810.00 28.00 
97 933349 101843 1475 10 480.00 103.00 
98 934891 COD 2063 57 480.00 4.00 
99 925168 104706 278 5 450.00 40.00 
100 934896 102742 1119 35 600.00 12.50 
101 934388 104686 453 5 630.00 12.00 
0 0 3.00 25 30 3 
1 1 2.00 30 35 3 
2 2 10.50 30 30 3 
3 2 3.50 30 30 3 
4 3 1.00 30 20 10.23 
5 3 15.00 30 20 10.23 
6 3 19.00 30 20 10.23 
7 4 11.00 45 60 3 
8 5 2.00 50 30 3 
9 6 30.00 35 45 7.67 
10 7 42.00 22 30 3 
11 8 8.00 30 60 3 
12 9 23.00 12 20 3 
13 9 55.50 12 20 3 
14 10 11.00 40 60 5.83 
15 11 43.00 12 20 3 
16 12 160.00 25 17 8.98 
17 13 19.50 25 45 0.82 
18 14 127.00 25 20 3 
19 14 22.00 25 20 3 
20 15 28.00 25 15 3 
21 16 272.00 12 16 10.38 
22 17 285.00 35 10 3 
23 18 4.50 26 60 3 
24 19 64.00 40 30 6.43 
25 19 24.00 40 30 6.43 
26 20 11.00 25 60 3.47 
27 21 13.50 50 15 3 
28 22 13.50 50 15 3 
29 23 42.00 35 45 3 
30 24 75.00 40 20 3 
31 24 1.00 40 20 3 
32 25 13.00 20 20 3 
33 26 24.00 22 60 3 
34 27 8.00 24 90 3 
35 28 5.00 25 60 3 
36 29 12.00 15 45 0.9 
37 30 40.00 40 30 1.1 
38 31 7.00 25 60 3 
39 32 24.00 35 45 3 
40 33 3.00 25 60 3 
41 34 24.00 5 20 3 
42 35 79.50 22 16 3 
43 36 40.00 35 15 12.03 
44 37 78.00 30 15 4.37 
45 37 1.50 30 15 4.37 
46 37 19.00 30 15 4.37 
47 38 196.00 35 15 10.23 
48 39 20.00 35 15 9.07 
49 40 26.50 15 30 8.9 
50 41 14.00 20 20 3 
51 42 7.00 30 60 3 
52 43 70.00 15 30 3 
53 44 17.00 25 20 3 
54 45 3.50 21 45 3 
55 46 3.00 40 30 3 
56 47 44.00 22 20 3 
57 48 26.50 35 30 3 
58 49 5.00 35 35 3 
59 50 1.50 35 35 3 
60 51 8.00 25 60 3 
61 52 6.50 15 35 3 
62 53 5.00 35 35 3 
63 54 26.00 25 30 3 
64 55 5.00 28 45 3 
65 56 42.00 35 20 3 
66 57 24.00 20 30 3 
67 58 15.50 25 25 3 
68 59 26.00 30 25 13.87 
69 60 14.50 25 45 3 
70 61 10.50 35 20 3 
71 62 13.50 20 20 3 
72 63 24.00 25 60 3 
73 63 1.00 25 60 3 
74 64 4.00 35 45 3 
75 65 5.50 15 45 3 
76 65 8.00 15 45 3 
77 66 5.00 22 20 3 
78 67 6.00 25 45 3 
79 68 23.00 35 20 3 
80 69 120.50 30 20 3 
81 70 17.50 25 20 7.9 
82 71 40.00 25 20 3.5 
83 72 90.00 35 37 2.93 
84 73 8.00 15 60 13.33 
85 74 74.00 25 37 3 
86 75 7.00 35 60 3 
87 76 11.00 25 30 3 
88 77 3.50 25 50 3 
89 78 7.00 35 45 3 
90 79 13.50 25 45 3 
91 80 107.00 35 24 15.8 
92 81 94.50 10 20 3 
93 81 10.00 10 20 3 
94 82 24.00 5 20 3 
95 83 43.00 15 17 3 
96 84 2.00 25 35 3 
97 85 8.00 40 90 3 
98 86 10.00 20 45 3 
99 87 28.00 40 30 8.37 
100 88 9.50 25 30 3 
101 89 4.50 30 56 3 
102 90 16.00 30 40 14.53 
103 91 1.00 25 20 3 
104 92 7.00 35 60 3 
105 93 108.00 35 30 4.6 
106 94 32.00 35 16 4.2 
107 94 1.00 35 16 4.2 
108 94 5.00 35 16 4.2 
109 95 1.00 27 45 3 
110 96 28.00 30 45 3 
111 97 103.00 25 15 6.33 
112 98 4.00 35 35 3 
113 99 40.00 40 15 3.33 
114 100 12.50 25 60 3 
115 101 12.00 35 30 3 
0 15110 180 5 5 8 401 1003 
1 15228 279 5 5 8 430 874 
2 15274 561 5 5 8 459 952 
3 15435 1004 5 5 8 490 971 
4 15401 926 5 5 8 511 1057 
5 15521 1310 5 5 8 532 975 
6 15580 -1 -1 5 8 566 1055 
7 15151 207 5 5 8 404 1002 
8 15515 1283 5 5 8 523 1040 
9 15213 270 5 5 8 440 897 
10 15432 998 5 5 8 498 989 
11 15305 625 5 5 8 457 794 
12 15076 246 10 10 12 436 867 
13 7000069 35115 20 20 8 565 951 
14 14417 117 20 20 8 577 953 
15 15107 177 20 20 8 590 1002 
16 15611 1817 20 20 8 537 1013 
17 15414 962 35 35 8 427 930 
18 15539 1343 35 35 8 427 1042 
19 15392 892 35 35 8 472 921 
20 15383 834 20 20 12 437 845 
21 15245 372 20 20 8 469 924 
22 15451 1052 20 20 8 492 794 
23 15516 1286 20 20 8 530 808 
24 7000052 35076 20 20 8 558 994 
25 15103 171 10 10 8 387 882 
26 14411 123 5 5 12 381 968 
27 10124 126 5 5 12 409 960 
28 15346 733 5 5 12 445 834 
29 15376 810 5 5 12 476 1024 
30 15377 813 5 5 12 504 1043 
31 15246 375 5 5 12 433 1006 
32 15555 -1 -1 5 8 548 1073 
33 15408 941 35 35 8 461 964 
34 15578 1427 35 35 8 443 925 
35 15150 342 35 35 8 382 948 
36 15161 213 20 20 8 435 873 
37 15460 1070 20 20 8 506 960 
38 7000031 35037 20 20 8 548 1017 
39 15112 183 10 10 8 449 921 
40 15138 195 5 5 8 390 998 
41 15223 276 5 5 8 427 968 
42 15422 980 5 5 8 464 998 
43 15436 1007 5 5 8 500 1132 
44 15607 1499 5 5 8 527 1000 
45 15428 992 5 5 8 471 1062 
46 7000059 35091 54 54 8 428 957 
47 7000062 35106 54 54 8 433 911 
48 15369 792 10 54 8 452 950 
49 15423 983 10 54 8 457 998 
50 7000026 35022 10 54 8 487 1084 
51 7000029 35028 10 54 8 493 1022 
52 7000066 35112 10 54 8 509 1075 
53 15102 -1 -1 54 8 387 932 
54 7000053 35082 5 54 8 608 1074 
55 10228 54 5 54 8 620 936 
56 15398 912 54 54 8 387 948 
57 15467 1085 54 54 8 391 938 
58 15488 1125 10 54 8 588 918 
59 15615 818 50 50 8 425 906 
60 7000011 1885 50 50 8 433 944 
61 7000038 35046 50 50 8 454 1012 
62 7000045 -1 -1 50 8 480 980 
63 15479 811 50 50 8 401 855 
64 14340 291 50 50 8 365 837 
65 15450 779 50 50 8 385 875 
66 14347 300 50 50 8 376 894 
67 15476 -1 -1 50 8 487 874 
68 15605 1497 57 57 8 460 873 
69 15612 1823 57 57 8 461 985 
70 15550 1254 57 57 8 418 968 
71 15566 1255 57 57 8 423 1040 
72 15405 938 5 5 8 503 1013 
73 15438 1013 5 5 8 516 810 
74 15017 -1 -1 5 8 605 910 
75 15553 1358 35 35 8 418 937 
76 15562 1385 35 35 8 425 876 
77 7000041 -1 -1 35 8 442 964 
78 15457 1061 35 35 8 404 886 
79 7000032 -1 -1 35 8 442 1019 
80 15343 725 35 35 8 460 983 
81 2068 1289 58 58 12 482 1025 
82 7000054 -1 -1 58 8 445 971 
83 2026 1165 58 58 12 402 963 
84 15542 1346 5 5 8 544 699 
85 15446 1031 10 10 8 454 1034 
86 2149 1221 57 57 8 379 970 
87 2167 1235 57 57 8 388 961 
88 15588 1457 57 57 8 442 944 
89 7000056 -1 -1 57 8 484 987 
90 2006 1147 58 58 8 376 968 
91 2023 1164 58 58 8 384 905 
92 2047 1173 58 58 8 412 996 
93 2072 1301 58 58 8 428 1062 
94 15560 1379 58 58 8 434 1047 
95 2019 1148 58 58 8 450 964 
96 7000013 1849 58 58 12 478 1047 
97 2057 1182 58 58 8 422 1089 
98 2040 1170 58 58 8 406 1079 
99 15486 1116 10 10 8 421 892 
100 7000065 35109 10 10 8 440 1012 
101 2022 1161 58 58 8 457 1105 
102 15062 144 10 10 8 364 905 
103 15243 363 20 20 8 469 1024 
104 15598 815 50 57 8 487 1009 
105 7000008 1841 57 57 12 471 1034 
106 15526 1246 57 57 12 395 954 
107 2120 1206 57 57 12 388 1009 
108 15535 1251 57 57 8 403 948 
109 15582 1442 57 57 8 435 919 
110 15421 -1 -1 57 8 477 964 
111 15589 1460 54 54 8 404 988 
112 7000042 35055 20 20 12 449 893 
113 15176 231 20 20 8 469 968 
114 15431 995 20 20 8 481 920 
115 7000063 35103 20 20 8 564 963 
116 15143 201 20 20 8 382 776 
117 15083 156 10 54 8 433 883 
118 2158 1168 57 57 8 378 860 
119 15606 1496 57 57 12 442 934 
120 15358 762 20 20 8 596 948 
121 15217 841 35 35 8 388 541