Drivers:       144
  0    15110 440          -1  1  8  370
  1    15347 307          -1  1  8  390
  2    15436 382          -1  1  8  420
  3    15542 521          -1  1  8  450
  4    15580 029          -1  1  8  465
  5    15607 188          -1  1  8  480
  6  7000053 024          -1  1  8  495
  7    15305 464          -1  1  8  515
  8    15428 362          -1  1  8  435
  9    10228 368          -1  1  8  355
 10    15438 361          -1  1  8  435
 11    15017 263          -1  1  8  410
 12    15559 315          -1  1  8  465
 13    15223 320          -1  1  8  385
 14    15515 342          -1  1  8  445
 15    15151 259          -1  1  8  375
 16    15435 388          -1  1  8  480
 17    15422 321          -1  1  8  420
 18    15521 098          -1  1  8  455
 19    15486 313          -1  2  8  455
 20        1 17314IMP     -1  2  8  470
 21        1 704NEPVE     -1  2  8  520
 22        1 1189_DUV     -1  2  8  530
 23        1 703NEPVE     -1  2  8  510
 24        1 705NEPVE     -1  2  8  510
 25        1 1190_DUV     -1  2  8  540
 26        1 0187__PI     -1  2  8  500
 27    15214 319          -1  2  8  385
 28    15173 311          -1  2  8  360
 29    15423 366          -1  2  8  395
 30    15488 391          -1  2  8  415
 31  7000026 369          -1  2  8  440
 32    15083 460          -1  2  8  360
 33    15112 486          -1  2  8  345
 34    15446 133          -1  2  8  400
 35  7000065 200          -1  2  8  455
 36    15138 450          -1  2  8  500
 37    15558 314          -1  2  8  430
 38  7000029 390          -1  2  8  435
 39  7000066 018          -1  2  8  465
 40    15213 249          -1  2  8  510
 41    15369 433          -1  2  8  390
 42    15243 449          -1  4  8  430
 43    15451 383          -1  4  8  430
 44    15516 385          -1  4  8  460
 45    15611 092          -1  4  8  465
 46    15176 350          -1  4  8  415
 47    15070 426          -1  4  8  375
 48  7000063 190          -1  4  8  520
 49  7000069 189          -1  4  8  530
 50  7000031 026          -1  4  8  500
 51  7000007 090          -1  4  8  500
 52    15431 363          -1  4  8  445
 53  7000052 135          -1  4  8  535
 54    15143 370          -1  4  8  405
 55    15161 097          -1  4  8  410
 56    15408 455          -1  0  8  505
 57    15150 301          -1  0  8  350
 58    15217 454          -1  0  8  405
 59    15553 345          -1  0  8  435
 60    15578 037          -1  0  8  455
 61    15414 323          -1  0  8  420
 62    15343 300          -1  0  8  490
 63  7000041 008          -1  0  8  465
 64    15614 138          -1  0  8  455
 65  7000032 246          -1  0  8  490
 66    15392 463          -1  0  8  435
 67    15539 489          -1  0  8  435
 68    15479 347          -1  3  8  430
 69    14347 469          -1  3  8  360
 70  7000045 456          -1  3  8  460
 71    15450 346          -1  3  8  365
 72  7000011 325          -1  3  8  410
 73    14340 482          -1  3  8  335
 74  7000038 157          -1  3  8  455
 75    15615 324          -1  3  8  405
 76    15107 367          -1  5  8  385
 77    15432 392          -1  5  8  510
 78    15274 379          -1  5  8  480
 79  7000062 035          -1  5  8  440
 80    14417 437          -1  5  8  365
 81    15245 364          -1  5  8  455
 82    15589 156          -1  5  8  430
 83    15467 467          -1  5  8  420
 84    15507 384          -1  5  8  430
 85    15401 461          -1  5  8  480
 86    15102 349          -1  5  8  400
 87    15398 462          -1  5  8  375
 88    15358 310          -1  5  8  455
 89    15460 343          -1  5  8  475
 90    15409 312          -1  5  8  470
 91    15582 032          -1  6  8  445
 92    15588 828          -1  6  8  455
 93    15566 830          -1  6  8  430
 94    15476 378          -1  6  8  375
 95     2167 866          -1  6  8  430
 96     2149 831          -1  6  8  395
 97    15535 470          -1  6  8  400
 98    15568 822          -1  6  8  440
 99    15612 371          -1  6  8  465
100    15457 150          -1  6  8  475
101    15562 140          -1  6  8  480
102    15547 149          -1  6  8  520
103    15605 807          -1  6  8  465
104    15421 820          -1  6  8  470
105     2158 377          -1  6  8  370
106    15550 834          -1  6  8  400
107        1 301_VAIL     -1  7  8  510
108        1 5018JDMI     -1  7  8  460
109        1 77BLAIN      -1  7  8  465
110        1 104_VAIL     -1  7  8  490
111        1 5022BEL      -1  7  8  475
112     2047 536          -1  7  8  405
113     2023 548          -1  7  8  375
114     2022 099          -1  7  8  370
115     2057 529          -1  7  8  425
116  7000054 527          -1  7  8  445
117     2019 294          -1  7  8  355
118     2072 176          -1  7  8  435
119     2040 531          -1  7  8  400
120     2006 448          -1  7  8  350
121    10124 295          -1  1 12  400
122    15346 524          -1  1 12  490
123    14411 052          -1  1 12  360
124    15376 298          -1  1 12  405
125    15377 065          -1  1 12  470
126        1 6406_BEL     -1  2 12  455
127        1 6407BEL      -1  2 12  475
128        1 6402_BEL     -1  2 12  475
129    15076 537          -1  2 12  335
130    15383 160          -1  4 12  330
131  7000042 049          -1  4 12  365
132        1 707NEPVE     -1  6 12  580
133        1 706NEPVE     -1  6 12  635
134        1 215_MD       -1  6 12  575
135    15606 835          -1  6 12  455
136    15526 844          -1  6 12  370
137        1 6405BEL      -1  7 12  485
138        1 708_NEVE     -1  7 12  505
139        1 6401_BEL     -1  7 12  475
140     2026 429          -1  7 12  390
141     2068 468          -1  7 12  415
142  7000013 478|476      -1  7 12  440
143  7000067 430          -1  7 12  460
Clients:  93 4042.5
  0 932942 102750 1710  6  420   1.0  1 
  1 933019 000785 1727  4  450   1.0  1 
  2 933220 002082 1762  6  600   2.0  1 
  3 932487 102183 1433  3  870   2.0  1 
  4 933003 000785 1723  2  930   2.0  1 
  5 933394 102603  431  0  750   2.5  1 
  6 933458 036960  402  3  780   2.5  1 
  7 932896 102183 1701  3  900   2.5  1 
  8 932788 104686 1680  5  420   3.0  1 
  9 933389 000785 1151  0  570   3.0  1 
 10 932691 000785 1664  2  570   3.0  1 
 11 932107 102750 1543  6  600   3.0  1 
 12 933509 001620  547  3  780   3.0  1 
 13 925875 100740  370  4  930   3.0  1 
 14 932423 104643 1617  7  720   4.0  1 
 15 933167 104404 1753  0  615   4.5  1 
 16 931693 101386  443  6  810   4.5  1 
 17 932075 104841 1533  7  660   6.0  1 
 18 933052 104284  259  0  930   6.5  1 
 19 933288 104686 1771  4  480   7.0  1 
 20 930612 000857 1113  5  900   7.0  1 
 21 932637 104830  681  2  920   7.0  1 
 22 932923 104557 1706  0  420   7.5  1 
 23 933371 101727 1783  0  900   7.5  1 
 24 931730 023155  865  0  930   7.5  1 
 25 933537 103338 1258  2  720   8.0  1 
 26 932582 104842  105  7  930   8.0  1 
 27 931379 100333 1397  1  450   9.0  1 
 28 930690 000785 1286  0  900   9.5  2 
 29 932120 104097 1550  7  450  10.0  1 
 30 929005 104835  248  6  780  10.0  2 
 31 929931 COD    1146  7  420  10.5  1 
 32 930653 103754 1278  3  420  12.0  1 
 33 930524 101134 1241  2  660  12.0  1 
 34 932557 102625  533  7  960  13.0  1 
 35 931772 103590 1469  0  480  14.5  1 
 36 929354 104815   94  5  750  14.5  1 
 37 930980 104686 1303  5  570  15.5  1 
 38 933485 103338 1258  2  625  16.0  1 
 39 930542 003390 1244  5  930  16.0  1 
 40 933319 103723 1266  3  930  16.0  1 
 41 931433 102164 1015  3  480  18.0  2 
 42 932524 102887 1634  6  690  18.0  1 
 43 930623 104686   68  0  780  18.0  1 
 44 930047 103772 1171  2  810  18.0  1 
 45 931931 103970 1503  7  750  18.5  1 
 46 931867 104752 1494  1  420  19.0  1 
 47 929462 003390  170  4  930  19.5  1 
 48 931452 102880 1409  6  420  21.0  2 
 49 931919 100373  470  7  600  21.0  1 
 50 917261 104590    0  5  780  21.0  1 
 51 931357 104686   63  0  600  22.0  2 
 52 931029 102603  855  1  780  23.5  1 
 53 933226 103820 1763  1  630  24.0  1 
 54 932628 102164 1645  0  480  27.0  1 
 55 928843 104686  939  5  600  28.0  1 
 56 925269 104741   71  2  480  29.0  1 
 57 931483 103389 1416  7  870  29.0  1 
 58 932134 104054   33  6  780  30.5  2 
 59 931335 104686  140  0  480  31.5  1 
 60 926402 104892  121  6  780  32.0  2 
 61 930531 104649 1240  7  510  35.0  1 
 62 930671 104284 1280  0  870  36.0  1 
 63 925354 104706  278  1  690  39.5  1 
 64 930584 103338 1258  2  415  41.0  2 
 65 930234 001460  287  5  420  41.0  1 
 66 931460 104686 1411  5  480  41.0  1 
 67 930178 104401  438  2  750  41.0  2 
 68 927667 104706  278  1  480  42.0  1 
 69 932126 103564 1552  7  420  43.5  1 
 70 930669 103910 1250  3  660  48.0  1 
 71 931960 100981 1508  4  585  53.0  2 
 72 931247 104905  551  6  540  61.0  1 
 73 931582 101012 1301  0  780  61.0  1 
 74 930529 104649 1240  2  480  63.0  1 
 75 925148 104706  278  1  450  65.5  1 
 76 924617 104269  235  4  745  66.0  2 
 77 926500 104500  501  4  660  68.5  2 
 78 929714 103976 1106  7  780  71.0  1 
 79 931616 103489 1441  3  420  78.0  1 
 80 927623 102625  731  2  510  83.0  1 
 81 930560 104919 1253  7  495 107.0  2 
 82 929948 104778   57  2  690 108.0  1 
 83 931804 101843 1475  2  810 116.0  1 
 84 932639 103762 1647  1  420 126.0  1 
 85 929927 104764 1143  6  510 165.5  3 
 86 929115 102456  993  6  420 184.0  1 
 87 930978 104484  350  5  505 191.0  2 
 88 927416 104830  681  2  420 206.0  2 
 89 931880 104831  129  6  660 206.5  1 
 90 928761 100412  308  1  420 228.0  1 
 91 928293 100878  847  4  420 252.0  2 
 92 928195 002195    5  7  450 309.0  2 
Orders:  112  
  0   0   1.0  6  
  1   1   1.0  4  
  2   2   2.0  6  
  3   3   2.0  3  
  4   4   2.0  2  
  5   5   2.5  0  
  6   6   2.5  3  
  7   7   2.5  3  
  8   8   3.0  5  
  9   9   3.0  0  
 10  10   3.0  2  
 11  11   3.0  6  
 12  12   3.0  3  
 13  13   3.0  4  
 14  14   4.0  7  
 15  15   4.5  0  
 16  16   4.5  6  
 17  17   6.0  7  
 18  18   6.5  0  
 19  19   7.0  4  
 20  20   7.0  5  
 21  21   7.0  2  
 22  22   7.5  0  
 23  23   7.5  0  
 24  24   7.5  0  
 25  25   8.0  2  
 26  26   8.0  7  
 27  27   9.0  1  
 28  28   1.5  0  
 29  28   8.0  0  
 30  29  10.0  7  
 31  30   5.0  6  
 32  30   5.0  6  
 33  31  10.5  7  
 34  32  12.0  3  
 35  33  12.0  2  
 36  34  13.0  7  
 37  35  14.5  0  
 38  36  14.5  5  
 39  37  15.5  5  
 40  38  16.0  2  
 41  39  16.0  5  
 42  40  16.0  3  
 43  41   8.0  6  
 44  41  10.0  3  
 45  42  18.0  6  
 46  43  18.0  0  
 47  44  18.0  2  
 48  45  18.5  7  
 49  46  19.0  1  
 50  47  19.5  4  
 51  48  12.0  6  
 52  48   9.0  6  
 53  49  21.0  7  
 54  50  21.0  5  
 55  51   4.0  0  
 56  51  18.0  0  
 57  52  23.5  1  
 58  53  24.0  1  
 59  54  27.0  0  
 60  55  28.0  5  
 61  56  29.0  2  
 62  57  29.0  7  
 63  58  13.0  6  
 64  58  17.5  6  
 65  59  31.5  0  
 66  60  27.5  6  
 67  60   4.5  6  
 68  61  35.0  7  
 69  62  36.0  0  
 70  63  39.5  1  
 71  64   1.0  2  
 72  64  40.0  2  
 73  65  41.0  5  
 74  66  41.0  5  
 75  67  16.0  2  
 76  67  25.0  2  
 77  68  42.0  1  
 78  69  43.5  7  
 79  70  48.0  3  
 80  71   8.0  4  
 81  71  45.0  4  
 82  72  61.0  6  
 83  73  61.0  0  
 84  74  63.0  2  
 85  75  65.5  1  
 86  76   1.0  4  
 87  76  65.0  4  
 88  77   2.0  4  
 89  77  66.5  4  
 90  78  71.0  7  
 91  79  78.0  3  
 92  80  83.0  2  
 93  81  24.0  7  
 94  81  83.0  7  
 95  82 108.0  2  
 96  83 116.0  2  
 97  84 126.0  1  
 98  85  24.0  6  
 99  85  36.0  6  
100  85 105.5  6  
101  86 184.0  6  
102  87   1.0  5  
103  87 190.0  5  
104  88  46.0  2  
105  88 160.0  2  
106  89 206.5  6  
107  90 228.0  1  
108  91 112.0  4  
109  91 140.0  4  
110  92   8.0  7  
111  92 301.0  7  
Plants:   8
 0 2492 35  75 
 1 2489  5 135 
 2 2490 10 111 
 3 2493 50  75 
 4 2491 20  87 
 5 2494 54  70 
 6 2495 57  90 
 7 2496 58  90