Drivers:       136
  0    15112 486          -1  2  8  420
  1    15138 450          -1  1  8  420
  2    15405 381          -1  1  8  480
  3    15589 156          -1  5  8  480
  4    15151 259          -1  1  8  420
  5    15614 138          -1  0  8  600
  6    15408 455          -1  0  8  420
  7    15243 449          -1  4  8  660
  8    15245 308          -1  4  8  660
  9    15358 310          -1  4  8  660
 10    14417 437          -1  4  8  540
 11    15409 312          -1  4  8  720
 12    15451 383          -1  4  8  720
 13    15516 385          -1  4  8  780
 14    15414 489          -1  0  8  480
 15    15102 349          -1  5  8  420
 16    15398 462          -1  5  8  420
 17    15507 384          -1  5  8  480
 18    15467 467          -1  5  8  540
 19  7000059 019          -1  5  8  540
 20  7000062 035          -1  5  8  540
 21    15107 367          -1  5  8  600
 22    15143 370          -1  5  8  600
 23    15161 331          -1  5  8  660
 24    15176 350          -1  5  8  660
 25    15401 461          -1  1  8  480
 26    15422 321          -1  1  8  480
 27    15436 382          -1  1  8  540
 28    15515 342          -1  1  8  540
 29    15521 098          -1  1  8  540
 30  7000053 024          -1  1  8  540
 31    15162 387          -1  1  8  540
 32    15432 392          -1  1  8  480
 33    15435 388          -1  1  8  540
 34    15542 521          -1  1  8  540
 35    10228 368          -1  1  8  360
 36    15582 032          -1  3  8  480
 37  7000018 435          -1  3  8  420
 38    15612 807          -1  6  8  420
 39  7000056 826          -1  6  8  480
 40    15150 301          -1  0  8  420
 41    15217 454          -1  0  8  420
 42    15459 390          -1  2  8  480
 43    15486 319          -1  2  8  540
 44    15558 314          -1  2  8  540
 45  7000029 369          -1  2  8  600
 46  7000066 490          -1  2  8  600
 47    15213 249          -1  1  8  660
 48     2023 548          -1  7  8  480
 49     2040 531          -1  7  8  540
 50     2047 536          -1  7  8  540
 51     2072 526          -1  7  8  540
 52     2057 529          -1  7  8  600
 53    15173 311          -1  2  8  480
 54    15277 158          -1  2  8  780
 55    15343 300          -1  0  8  360
 56    15392 463          -1  0  8  420
 57    15457 150          -1  0  8  480
 58    15562 140          -1  0  8  600
 59    15588 828          -1  6  8  420
 60     2167 371          -1  6  8  360
 61    15535 470          -1  6  8  420
 62     2158 377          -1  6  8  360
 63    14347 469          -1  3  8  360
 64    15450 346          -1  3  8  360
 65    15476 378          -1  3  8  360
 66    15479 347          -1  3  8  360
 67    15598 434          -1  3  8  360
 68    15615 142          -1  3  8  420
 69  7000011 325          -1  3  8  420
 70  7000038 157          -1  3  8  420
 71  7000045 456          -1  3  8  480
 72    15550 834          -1  3  8  480
 73    14340 482          -1  3  8  360
 74    15017 263          -1  1  8  420
 75    15347 307          -1  1  8  480
 76    15607 188          -1  1  8  540
 77    15559 315          -1  1  8  600
 78    15555 436          -1  1  8  600
 79     2022 099          -1  7  8  480
 80  7000026 034          -1  2  8  600
 81  7000065 200          -1  2  8  600
 82        1 711NEPVE     -1  2  8  660
 83    15566 822          -1  6  8  420
 84    15611 092          -1  4  8  780
 85  7000069 189          -1  4  8  840
 86     2149 831          -1  6  8  360
 87    15578 037          -1  0  8  600
 88  7000032 345          -1  0  8  600
 89    15369 433          -1  1  8  600
 90    15423 366          -1  1  8  600
 91    15446 389          -1  1  8  660
 92    15539 155          -1  0  8  540
 93    15547 149          -1  0  8  540
 94    15553 096          -1  0  8  600
 95     2019 294          -1  7  8  480
 96    15421 820          -1  6  8  480
 97    15228 340          -1  1  8  420
 98  7000041 185          -1  0  8  660
 99    15274 379          -1  1  8  480
100    15560 528          -1  7  8  720
101  7000030 464          -1  5  8  660
102    15070 426          -1  4  8  540
103    15083 460          -1  2  8  420
104    15488 391          -1  2  8  780
105    15110 440          -1  1  8  360
106    15223 320          -1  1  8  420
107    15428 196          -1  1  8  480
108    15580 029          -1  1  8  660
109    15460 097          -1  4  8  780
110  7000052 135          -1  5  8  780
111    15431 363          -1  5  8 1320
112  7000063 190          -1  5  8 1380
113    15376 298          -1  1 12  540
114    15377 065          -1  1 12  600
115    15346 524          -1  1 12  600
116     2001 867          -1  6 12  420
117    15076 537          -1  2 12  480
118        1 6406_BEL     -1  2 12  480
119        1 6401_BEL     -1  2 12  540
120    15383 160          -1  2 12  540
121  7000042 297          -1  2 12  540
122    14411 532          -1  2 12  600
123    10124 295          -1  2 12  600
124    15246 296          -1  2 12  660
125  7000008 053          -1  6 12  480
126        1 718_NEPV     -1  6 12  480
127        1 215_MD       -1  6 12  540
128     2026 476          -1  7 12  600
129        1 706NEPVE     -1  6 12  480
130     2120 836          -1  6 12  420
131    15526 827          -1  6 12  420
132    15606 068          -1  6 12  420
133        1 708NEPVE     -1  6 12  540
134     2068 430          -1  7 12  720
135  7000013 478          -1  7 12  720
Clients:  85 2638.0
  0 930000 104799 1162  7  540   1.5  1 
  1 929348 104671  471  6  450   2.5  1 
  2 929760 104712 1122  2  960   2.5  1 
  3 930134 101066 1183  1  570   2.5  1 
  4 929935 104152  365  0  840   3.0  1 
  5 929322 103723  479  3  900   3.5  1 
  6 929586 003293 1083  4  600   3.5  1 
  7 929320 104442  686  1  880   4.0  1 
  8 930135 103820 1184  1  900   4.0  1 
  9 930266 104840 1107  6  810   4.0  1 
 10 928362 023155  865  0  930   4.5  1 
 11 928594 001234  894  6  540   4.5  1 
 12 930288 102414 1209  5  840   4.5  1 
 13 927940 003390  688  1  900   5.0  1 
 14 929789 104123 1125  7  930   5.5  1 
 15 930133 101247 1182  7  510   6.0  1 
 16 924835 104835  248  0  780   7.0  1 
 17 926063 100088  406  1  420   8.0  1 
 18 928311 104841  854  7  930   8.0  1 
 19 928660 103867  911  1  840   8.0  1 
 20 929076 104256  126  7  780   8.0  1 
 21 929301 104697 1029  7  870   9.5  1 
 22 927599 102456  723  2  900  10.0  1 
 23 928748 104746  922  1  780  11.0  1 
 24 929518 002087 1065  7  795  12.5  1 
 25 929380 COD 1041  6  780   1.5  1 
 26 929664 COD 1098  2  450   8.0  1 
 27 929994 COD 1159  3  765   4.0  1 
 28 928124 104681  820  6  840  14.0  1 
 29 924446 103765  215  0  900  14.5  1 
 30 930205 104500   53  4  840  15.5  2 
 31 927588 003522  720  2  630  16.0  1 
 32 927714 102893  661  0  825  16.0  1 
 33 927104 104846  622  1  450  19.0  2 
 34 928557 100211  886  3  780  12.0  1 
 35 929815 100211 1126  7  780  11.0  1 
 36 926469 104284  496  0  450  26.0  2 
 37 927456 103726  696  7  870  26.0  1 
 38 929364 104741  261  1  690  26.0  1 
 39 930084 102838 1178  0  870  28.0  1 
 40 929050 103919  982  6  960   5.5  1 
 41 929762 103919 1123  6  420  24.0  1 
 42 928119 001460  818  4  750  32.0  1 
 43 925990 103772  115  7  540  32.5  1 
 44 929421 104747 1052  7  765  37.5  1 
 45 928597 036960  805  3  900  40.0  1 
 46 924608 104269   79  4  715  46.5  2 
 47 927342 102625  660  6  690  47.0  1 
 48 925407 104327  304  6  840  52.0  1 
 49 924321 000785  201  5  750   2.0  1 
 50 924356 000785  209  1  870   6.0  1 
 51 928925 000785  474  2  810  24.0  1 
 52 929929 000785 1145  2  840   3.0  1 
 53 930095 000785 1179  1  930  14.0  1 
 54 930304 000785 1214  1  840   3.5  1 
 55 925738 100060   96  2  600  56.0  1 
 56 926909 104764  572  6  600  67.0  3 
 57 930062 104906 1172  6  480  78.5  1 
 58 929300 104683   48  3  480  18.0  2 
 59 929958 104683   88  6  745  69.0  2 
 60 928233 002988  837  0  600  37.0  1 
 61 928567 002988  888  0  750  55.0  1 
 62 927134 104894  631  1  600  99.0  1 
 63 920243 103762   25  2  600  38.0  1 
 64 929895 103762 1139  1  720  62.0  1 
 65 930283 103762 1208  2  780   4.0  1 
 66 925137 104706  278  1  555  39.0  1 
 67 925343 104706  278  1  750  39.5  1 
 68 927656 104706  278  1  570  14.0  1 
 69 930016 104706  278  1  900   4.0  1 
 70 930017 104706  278  1  930   9.0  1 
 71 928593 104054   33  6  480 173.5  2 
 72 926296 104815   94  2  510 192.0  2 
 73 924257 104686  188  1  480   7.0  1 
 74 925600 104686   56  0  450  17.0  1 
 75 927570 104686   56  0  570   5.5  1 
 76 927856 104686  762  1  480   6.0  1 
 77 928179 104686  829  0  660  39.5  1 
 78 928199 104686   63  1  630  32.5  2 
 79 928897 104686  552  0  705   9.0  1 
 80 929058 104686  983  4  930   8.0  1 
 81 930029 104686  940  1  420  90.0  1 
 82 925850 104686   59  5 1380  35.0  1 
 83 924939 104484   82  5  480 254.0  2 
 84 926967 103489  587  3  420 330.0  1 
Orders:  97  
  0   0   1.5 
  1   1   2.5 
  2   2   2.5 
  3   3   2.5 
  4   4   3.0 
  5   5   3.5 
  6   6   3.5 
  7   7   4.0 
  8   8   4.0 
  9   9   4.0 
 10  10   4.5 
 11  11   4.5 
 12  12   4.5 
 13  13   5.0 
 14  14   5.5 
 15  15   6.0 
 16  16   7.0 
 17  17   8.0 
 18  18   8.0 
 19  19   8.0 
 20  20   8.0 
 21  21   9.5 
 22  22  10.0 
 23  23  11.0 
 24  24  12.5 
 25  25   1.5 
 26  26   8.0 
 27  27   4.0 
 28  28  14.0 
 29  29  14.5 
 30  30   2.0 
 31  30  13.5 
 32  31  16.0 
 33  32  16.0 
 34  33   7.0 
 35  33  12.0 
 36  34  12.0 
 37  35  11.0 
 38  36  11.0 
 39  36  15.0 
 40  37  26.0 
 41  38  26.0 
 42  39  28.0 
 43  40   5.5 
 44  41  24.0 
 45  42  32.0 
 46  43  32.5 
 47  44  37.5 
 48  45  40.0 
 49  46   1.5 
 50  46  45.0 
 51  47  47.0 
 52  48  52.0 
 53  49   2.0 
 54  50   6.0 
 55  51  24.0 
 56  52   3.0 
 57  53  14.0 
 58  54   3.5 
 59  55  56.0 
 60  56   7.0 
 61  56  16.0 
 62  56  44.0 
 63  57  78.5 
 64  58   2.0 
 65  58  16.0 
 66  59   1.0 
 67  59  68.0 
 68  60  37.0 
 69  61  55.0 
 70  62  99.0 
 71  63  38.0 
 72  64  62.0 
 73  65   4.0 
 74  66  39.0 
 75  67  39.5 
 76  68  14.0 
 77  69   4.0 
 78  70   9.0 
 79  71   6.5 
 80  71 167.0 
 81  72  16.0 
 82  72 176.0 
 83  73   7.0 
 84  74  17.0 
 85  75   5.5 
 86  76   6.0 
 87  77  39.5 
 88  78   3.0 
 89  78  29.5 
 90  79   9.0 
 91  80   8.0 
 92  81  90.0 
 93  82  35.0 
 94  83   4.0 
 95  83 250.0 
 96  84 330.0 
Plants:   8
 0 2492 35  75 
 1 2489  5 135 
 2 2490 10 111 
 3 2493 50  75 
 4 2491 20  87 
 5 2494 54  70 
 6 2495 57  90 
 7 2496 58  90