Drivers:        15
  0  7000029 369          -1  0  8  540
  1  7000031 350          -1  0  8  420
  2    15107 367          -1  0  8  480
  3  7000059 462          -1  1  8  360
  4    15467 467          -1  1  8  360
  5    15438 361          -1  1  8  420
  6    15405 381          -1  1  8  420
  7    15422 321          -1  1  8  420
  8    15555 436          -1  1  8  480
  9    15607 188          -1  1  8  480
 10    15161 097          -1  0  8  480
 11    15488 391          -1  1  8  540
 12  7000065 314          -1  0  8  540
 13  7000069 189          -1  0  8  420
 14    15243 449          -1  0  8  540
Clients:  4 375.0
  0 932250 100650 1577  1  750   2.0  1 
  1 930040 104686  179  0  600  18.0  1 
  2 932349 104970   47  0  480  91.0  3 
  3 931790 100878  847  1  420 264.0  2 
Orders:  7  
  0   0   2.0 
  1   1  18.0 
  2   2   7.0 
  3   2  21.0 
  4   2  63.0 
  5   3  32.0 
  6   3 232.0 
Plants:   2
 0 2491 20  87 
 1 2494 54  70