Drivers:       128
  0    15062 314          -1  1  8  390
  1    15173 311          -1  1  8  425
  2    15488 391          -1  1  8  585
  3    15162 387          -1  1  8  555
  4    15542 521          -1  1  8  580
  5    15083 460          -1  1  8  400
  6    15446 389          -1  1  8  470
  7    15515 342          -1  1  8  635
  8    15277 158          -1  1  8  465
  9  7000029 369          -1  1  8  485
 10  7000066 386          -1  1  8  505
 11    15607 192|307      -1  1  8  525
 12    15422 028          -1  1  8  625
 13    15103 344          -1  1  8  405
 14    15112 486          -1  1  8  420
 15    15559 025          -1  1  8  605
 16    15214 319          -1  1  8  440
 17  7000065 390          -1  1  8  505
 18    15369 433          -1  1  8  465
 19    15486 313          -1  1  8  480
 20  7000053 024          -1  1  8  635
 21    15405 023          -1  1  8  675
 22    15274 379          -1  1  8  575
 23    14417 437          -1  3  8  360
 24    15107 367          -1  3  8  385
 25    15243 449          -1  3  8  405
 26    15358 310          -1  3  8  425
 27    15611 097          -1  3  8  445
 28  7000052 135          -1  3  8  470
 29  7000063 190          -1  3  8  475
 30    15409 312          -1  3  8  490
 31  7000069 189          -1  3  8  500
 32    15070 426          -1  3  8  380
 33    15176 350          -1  3  8  395
 34    15161 331          -1  3  8  405
 35    15245 308          -1  3  8  420
 36    15516 385          -1  3  8  435
 37    15347 307          -1  3  8  525
 38    15432 392          -1  3  8  530
 39    15401 461          -1  3  8  525
 40    15431 363          -1  3  8  430
 41    15451 383          -1  3  8  455
 42    15555 436          -1  3  8  560
 43    15223 320          -1  3  8  515
 44    15217 454          -1  0  8  400
 45    15414 323          -1  0  8  435
 46    15547 008          -1  0  8  480
 47    15562 140          -1  0  8  500
 48    15577 088          -1  0  8  525
 49  7000032 246          -1  0  8  555
 50    15408 455          -1  0  8  420
 51    15343 300          -1  0  8  385
 52    15150 301          -1  0  8  375
 53    15392 463          -1  0  8  400
 54    15578 037          -1  0  8  530
 55    15614 138          -1  0  8  555
 56    15457 150          -1  0  8  625
 57  7000041 185          -1  0  8  580
 58    15539 489          -1  0  8  440
 59    15553 197          -1  0  8  460
 60    15450 346          -1  2  8  375
 61    15615 324          -1  2  8  415
 62  7000011 325          -1  2  8  485
 63    14347 469          -1  2  8  335
 64  7000018 435          -1  2  8  770
 65    15305 464          -1  4  8  495
 66    15138 450          -1  4  8  470
 67    15435 388          -1  4  8  520
 68    10228 368          -1  4  8  435
 69    15436 382          -1  4  8  520
 70    15228 340          -1  4  8  485
 71    15467 467          -1  4  8  365
 72  7000062 035          -1  4  8  430
 73    15580 361          -1  4  8  535
 74  7000059 349          -1  4  8  430
 75    15507 384          -1  4  8  405
 76    15110 440          -1  4  8  460
 77    15151 259          -1  4  8  475
 78    15428 362          -1  4  8  500
 79    15589 156          -1  4  8  415
 80    15017 263          -1  4  8  450
 81    15213 249          -1  4  8  480
 82    15521 098          -1  4  8  545
 83        1 709NEPVE     -1  5  8  545
 84        1 44_MD        -1  5  8  510
 85    15550 834          -1  5  8  450
 86    15612 371          -1  5  8  480
 87  7000056 143          -1  5  8  500
 88    15568 822          -1  5  8  455
 89    15421 820          -1  5  8  490
 90  7000045 456          -1  5  8  530
 91     2149 831          -1  5  8  650
 92    15535 832          -1  5  8  440
 93    15605 470          -1  5  8  480
 94    15598 434          -1  5  8  505
 95     2158 377          -1  5  8  405
 96    15588 828          -1  5  8  465
 97     2167 866          -1  5  8  420
 98    15566 830          -1  5  8  450
 99     2006 448          -1  6  8  400
100     2019 294          -1  6  8  440
101     2022 099          -1  6  8  480
102     2040 531          -1  6  8  540
103     2047 527          -1  6  8  575
104     2057 529          -1  6  8  615
105        4 445          -1  6  8  720
106        1 104_VAIL     -1  6  8  745
107        1 70BLAIN      -1  6  8  740
108        1 301_VAIL     -1  6  8  770
109        1 5018JDMI     -1  6  8  735
110        1 103VAIL      -1  6  8  785
111        1 77BLAIN      -1  6  8  765
112     2072 176          -1  6  8  655
113    15560 528          -1  6  8  695
114    15246 296          -1  1 12  535
115    10124 052          -1  1 12  530
116    15377 295          -1  1 12  560
117    15376 298          -1  1 12  585
118    15383 160          -1  1 12  615
119        1 215_MD       -1  5 12  510
120        1 707NEPVE     -1  5 12  540
121        1 708NEPVE     -1  5 12  520
122     2120 835          -1  5 12  420
123    15526 844|867      -1  5 12  425
124  7000008 053          -1  5 12  485
125    15606 068          -1  5 12  460
126     2026 429          -1  6 12  520
127   700013 478          -1  6 12  715
Clients:  68 2595.0
  0 937318 104222 2412  5  660   1.0  1 
  1 936608 023155 2320  4  900   1.5  1 
  2 937262 102893 1461  0  450   2.0  1 
  3 937108 101843 1684  1  615   2.0  1 
  4 937306 103143 2387  5  750   2.5  1 
  5 937307 102750 2410  5  855   2.5  1 
  6 932705 000785 1358  4  900   2.5  1 
  7 936083 104054  224  3  600   4.0  1 
  8 937177 003064 2394  3  600   4.0  1 
  9 936578 100229 2313  5  720   4.5  1 
 10 937409 103762 2425  1  900   4.5  1 
 11 935299 000785  281  4  585   5.0  1 
 12 937330 104500   53  4  780   5.0  1 
 13 937158 COD    2391  2  420   5.5  1 
 14 936021 000469 2230  0  480   6.5  1 
 15 937231 104706  278  3  600   7.0  1 
 16 937380 104831  129  5  780   7.0  1 
 17 935308 000785  137  4  900   7.0  1 
 18 936661 102893 2327  5  660   8.0  1 
 19 937379 104269   79  3  780   8.0  1 
 20 935596 103726 2172  6  810  10.5  1 
 21 935345 100146 1284  1  630  11.5  1 
 22 937282 104268 2408  2  840  11.5  1 
 23 937227 104490 2398  0  510  13.0  1 
 24 933970 100734 1902  3  675  14.0  1 
 25 937333 104741  261  4  750  14.0  1 
 26 936211 102625 2258  5  480  16.0  1 
 27 933664 102455 1838  4  750  16.0  1 
 28 935916 103685 2218  0  840  16.0  1 
 29 937103 104842  105  6  720  17.0  1 
 30 936232 000858 2264  2  780  17.5  2 
 31 935387 104696 1544  6  960  17.5  1 
 32 936593 000477 2316  0  780  18.5  1 
 33 936230 104284  987  0  450  19.5  2 
 34 936700 102838 2334  6  780  20.5  1 
 35 935765 104604 1890  2  450  21.5  2 
 36 934730 104142 2035  4  450  24.0  1 
 37 936338 102309 2280  0  930  24.5  1 
 38 935843 104686  340  4  870  27.0  1 
 39 936337 102309 2279  0  870  27.5  1 
 40 936576 104843 1631  6  810  28.0  1 
 41 934890 103389 2061  6  870  32.0  1 
 42 934990 103928 2080  0  780  33.0  1 
 43 936660 104268 1981  5  855  33.0  1 
 44 932411 003350 1616  3  450  34.0  1 
 45 936328 104590    0  3  750  35.0  1 
 46 935390 104696 2138  6  840  38.5  1 
 47 936143 101012 2247  0  780  39.0  1 
 48 925375 104706  278  3  660  40.0  1 
 49 934847 104157 1986  0  480  47.5  1 
 50 935936 104686  140  4  660  48.0  1 
 51 936207 102603 1914  3  480  49.0  1 
 52 936291 104686  829  0  600  49.5  1 
 53 936219 104741   71  4  480  51.5  1 
 54 937136 103143 2387  5  480  54.5  1 
 55 936962 104834   87  2  750  55.5  1 
 56 925310 104706  278  3  450  60.0  1 
 57 937182 104503 2395  0  720  63.0  1 
 58 936209 100878  847  3  750  82.0  2 
 59 936224 103772  115  1  805  82.0  2 
 60 933262 104649  600  1  465  84.0  1 
 61 933268 104649  600  6  465  88.0  1 
 62 933697 104831   36  5  480 100.5  1 
 63 936319 100878 2278  4  480 102.0  1 
 64 935012 003483 2085  5  510 113.5  1 
 65 935147 104764  573  5  510 201.5  1 
 66 935029 103352  690  1  540 226.0  1 
 67 935136 100878  122  1  480 277.0  2 
Orders:  74  
  0   0   1.0  5  
  1   1   1.5  4  
  2   2   2.0  0  
  3   3   2.0  1  
  4   4   2.5  5  
  5   5   2.5  5  
  6   6   2.5  4  
  7   7   4.0  3  
  8   8   4.0  3  
  9   9   4.5  5  
 10  10   4.5  1  
 11  11   5.0  4  
 12  12   5.0  4  
 13  13   5.5  2  
 14  14   6.5  0  
 15  15   7.0  3  
 16  16   7.0  5  
 17  17   7.0  4  
 18  18   8.0  5  
 19  19   8.0  3  
 20  20  10.5  6  
 21  21  11.5  1  
 22  22  11.5  2  
 23  23  13.0  0  
 24  24  14.0  3  
 25  25  14.0  4  
 26  26  16.0  5  
 27  27  16.0  4  
 28  28  16.0  0  
 29  29  17.0  6  
 30  30   8.5  2  
 31  30   9.0  5  
 32  31  17.5  6  
 33  32  18.5  0  
 34  33   8.0  0  
 35  33  11.5  0  
 36  34  20.5  6  
 37  35   6.5  2  
 38  35  15.0  2  
 39  36  24.0  4  
 40  37  24.5  0  
 41  38  27.0  4  
 42  39  27.5  0  
 43  40  28.0  6  
 44  41  32.0  6  
 45  42  33.0  0  
 46  43  33.0  5  
 47  44  34.0  3  
 48  45  35.0  3  
 49  46  38.5  6  
 50  47  39.0  0  
 51  48  40.0  3  
 52  49  47.5  0  
 53  50  48.0  4  
 54  51  49.0  3  
 55  52  49.5  0  
 56  53  51.5  4  
 57  54  54.5  5  
 58  55  55.5  2  
 59  56  60.0  3  
 60  57  63.0  0  
 61  58  16.0  3  
 62  58  66.0  3  
 63  59   1.0  1  
 64  59  81.0  1  
 65  60  84.0  1  
 66  61  88.0  6  
 67  62 100.5  5  
 68  63 102.0  4  
 69  64 113.5  5  
 70  65 201.5  5  
 71  66 226.0  1  
 72  67 245.0  1  
 73  67  32.0  1  
Plants:   7
 0 2492 35  75 
 1 2490 10 111 
 2 2493 50  75 
 3 2491 20  87 
 4 2494 54  70 
 5 2495 57  90 
 6 2496 58  90