Drivers:       137
  0    15062 490          -1  1  8  400
  1    15083 460          -1  1  8  410
  2    15112 486          -1  1  8  420
  3    15173 311          -1  1  8  425
  4    15214 319          -1  1  8  425
  5    15369 433          -1  1  8  445
  6    15446 389          -1  1  8  450
  7    15486 313          -1  1  8  455
  8    15277 158          -1  1  8  470
  9  7000029 369          -1  1  8  485
 10    15423 314          -1  1  8  485
 11  7000065 390          -1  1  8  490
 12  7000066 386          -1  1  8  495
 13    15017 196          -1  1  8  495
 14    10228 368          -1  1  8  505
 15    15488 391          -1  1  8  510
 16    15162 387          -1  1  8  520
 17    15138 450          -1  1  8  520
 18    15228 340          -1  1  8  555
 19    15151 259          -1  1  8  555
 20    15223 320          -1  1  8  560
 21    15274 379          -1  1  8  580
 22    15422 342          -1  1  8  645
 23    15428 362          -1  1  8  660
 24    15405 361          -1  1  8  680
 25    14417 437          -1  3  8  350
 26    15070 426          -1  3  8  380
 27    15143 370          -1  3  8  390
 28    15107 367          -1  3  8  390
 29    15161 331          -1  3  8  400
 30    15176 350          -1  3  8  415
 31    15243 449          -1  3  8  435
 32    15245 308          -1  3  8  440
 33    15358 310          -1  3  8  460
 34    15409 312          -1  3  8  475
 35    15431 363          -1  3  8  490
 36    15451 383          -1  3  8  495
 37    15460 343          -1  3  8  515
 38    15516 385          -1  3  8  535
 39    15611 364          -1  3  8  535
 40  7000052 135          -1  3  8  635
 41  7000063 026          -1  3  8  670
 42    15580 029          -1  3  8  740
 43    15521 098          -1  3  8  740
 44    15150 301          -1  0  8  410
 45    15343 300          -1  0  8  425
 46    15217 454          -1  0  8  425
 47    15408 455          -1  0  8  450
 48    15392 463          -1  0  8  450
 49    15414 323          -1  0  8  460
 50    15457 150          -1  0  8  470
 51    15539 489          -1  0  8  480
 52    15553 096          -1  0  8  490
 53    15577 088          -1  0  8  505
 54    15547 008          -1  0  8  505
 55    15562 140          -1  0  8  520
 56    15614 138          -1  0  8  530
 57    15578 037          -1  0  8  550
 58  7000041 185          -1  0  8  600
 59  7000032 246          -1  0  8  605
 60    14340 482          -1  2  8  375
 61    14347 469          -1  2  8  400
 62    15450 346          -1  2  8  425
 63    15598 434          -1  2  8  440
 64    15476 378          -1  2  8  440
 65    15615 324|142      -1  2  8  465
 66  7000011 325          -1  2  8  480
 67  7000018 435          -1  2  8  505
 68  7000045 456          -1  2  8  580
 69  7000038 020          -1  2  8  750
 70    15467 467          -1  4  8  440
 71    15507 384          -1  4  8  485
 72    15589 156          -1  4  8  520
 73  7000059 349          -1  4  8  540
 74  7000062 035          -1  4  8  540
 75  7000069 189          -1  4  8  620
 76    15213 249          -1  4  8  640
 77    15347 307          -1  4  8  660
 78    15305 464          -1  4  8  660
 79    15401 461          -1  4  8  665
 80    15559 025          -1  4  8  690
 81    15555 436          -1  4  8  730
 82     2158 377          -1  5  8  390
 83     2149 831          -1  5  8  405
 84     2167 866          -1  5  8  420
 85    15535 832          -1  5  8  425
 86    15550 834          -1  5  8  435
 87    15566 830          -1  5  8  445
 88     2100 371          -1  5  8  450
 89    15568 822          -1  5  8  455
 90    15588 828          -1  5  8  460
 91    15605 807          -1  5  8  475
 92    15612 183          -1  5  8  495
 93    15421 820          -1  5  8  515
 94  7000056 470          -1  5  8  515
 95     2019 294          -1  6  8  370
 96     2022 099          -1  6  8  415
 97     2023 548          -1  6  8  420
 98     2040 531          -1  6  8  430
 99     2047 536          -1  6  8  440
100     2057 529          -1  6  8  445
101     2072 176|526      -1  6  8  460
102    15560 528          -1  6  8  465
103    15110 440          -1  6  8  485
104        4 445          -1  6  8  490
105    15435 388          -1  6  8  625
106  7000053 024          -1  6  8  685
107    15607 188          -1  6  8  690
108    15432 392          -1  6  8  715
109    15436 382          -1  6  8  805
110    15076 292          -1  1 12  400
111    10124 052          -1  1 12  525
112    15246 296          -1  1 12  545
113    15376 298          -1  1 12  560
114    15346 524          -1  1 12  580
115    15377 065          -1  1 12  635
116     2001 835          -1  5 12  380
117     2120 827          -1  5 12  390
118    15606 068          -1  5 12  460
119    15526 055          -1  5 12  475
120        1 711NEPVE     -1  5 12  500
121        1 711NEPVE     -1  5 12  500
122        1 711NEPVE     -1  5 12  500
123        1 711NEPVE     -1  5 12  500
124        1 711NEPVE     -1  5 12  500
125        1 711NEPVE     -1  5 12  500
126        1 711NEPVE     -1  5 12  500
127        1 711NEPVE     -1  5 12  500
128        1 711NEPVE     -1  5 12  500
129        1 711NEPVE     -1  5 12  500
130        1 711NEPVE     -1  5 12  500
131  7000008 053          -1  5 12  505
132    15383 160          -1  5 12  520
133     2026 429          -1  6 12  405
134    14411 532          -1  6 12  425
135   700013 478          -1  6 12  475
136     2068 476          -1  6 12  640
Clients:  79 2425.0
  0 937596 104683   88  2  480   1.0  1 
  1 935645 002658 2178  2  510   1.0  1 
  2 937744 003483 1252  6  660   1.0  1 
  3 937351 003390 2417  1  675   1.0  1 
  4 936989 003390 2366  1  840   1.5  1 
  5 936958 001933 2359  2  900   1.5  1 
  6 936935 021100 2356  2  420   2.0  1 
  7 936708 103631 1300  0  480   2.0  1 
  8 937322 010875 2414  2  540   2.0  1 
  9 937643 102167 2448  2  810   2.0  1 
 10 936971 100412  308  6  810   2.5  1 
 11 937228 101820 2399  0  900   2.5  1 
 12 937018 003522 2091  4  600   3.0  1 
 13 936672 000858 2328  2  600   3.0  1 
 14 937640 003390 2447  0  570   3.5  1 
 15 937581 104054 1150  4  600   3.5  1 
 16 936636 010875   39  5  660   4.0  1 
 17 936775 101881 2346  2  810   4.0  1 
 18 932791 000785 1682  1  840   4.0  1 
 19 936569 103722 2312  4  900   4.5  1 
 20 937855 104269   79  4  900   4.5  1 
 21 937137 104327 2388  6  780   5.0  1 
 22 935983 100373  943  6  810   5.0  1 
 23 937224 104555 1979  0  780   5.5  1 
 24 934413 104686   68  0  480   6.0  1 
 25 936776 103753  642  6  600   6.5  1 
 26 937783 104503 2260  0  660   7.0  1 
 27 937382 002453 2422  0  840   7.0  1 
 28 937822 102566 2459  5  750   7.5  1 
 29 937422 104841 2427  6  510   8.0  1 
 30 937756 100878 2455  1  930   8.0  1 
 31 936682 103987 1802  6  420   9.0  1 
 32 935155 101012 2105  6  450  11.0  1 
 33 937824 102566 2460  5  750  11.5  1 
 34 937010 104741   71  1  480  12.0  1 
 35 936074 023155 1597  5  840  12.5  1 
 36 937535 103143 2387  5  810  13.0  1 
 37 937539 104905  117  5  810  13.5  1 
 38 935296 000785 2124  1  585  14.0  1 
 39 937646 104741  261  4  660  14.0  1 
 40 937002 103723 2367  2  780  14.0  1 
 41 937346 104268 2416  5  780  14.5  1 
 42 935123 001549 2101  4  480  16.0  1 
 43 935632 070149  935  1  480  16.0  2 
 44 937229 104447 2400  0  750  17.5  1 
 45 937244 002082 2404  5  435  18.5  2 
 46 937676 104503 2451  0  450  18.5  1 
 47 937050 103359 2377  6  420  19.5  2 
 48 925312 104706  278  3  450  19.5  1 
 49 936473 104649  600  1  765  21.0  1 
 50 935197 103949 2109  3  420  22.0  1 
 51 931443 003390  170  3  870  22.5  1 
 52 937666 103820 1370  4  660  27.0  1 
 53 936035 103723 2232  2  450  30.0  1 
 54 936089 002988 2039  0  525  30.0  1 
 55 927684 104706  278  4  600  30.0  1 
 56 937472 102708 2430  6  720  31.0  1 
 57 935844 104401  438  1  690  32.0  1 
 58 937019 104262  141  6  720  35.0  1 
 59 936870 104683   88  5  780  36.0  1 
 60 934959 104778   57  6  750  37.5  1 
 61 936236 104284 2263  0  870  37.5  1 
 62 935429 039710 2149  6  660  40.0  1 
 63 930689 100146 1285  1  840  40.0  1 
 64 925377 104706  278  4  720  40.5  1 
 65 935472 102625  153  0  510  48.0  1 
 66 936890 100878  847  3  750  48.5  2 
 67 936686 104382 2331  0  780  48.5  1 
 68 937245 104268 2265  2  810  54.0  1 
 69 937799 104831   85  0  750  54.5  1 
 70 935168 104842  105  6  540  55.0  1 
 71 933273 104649  600  1  460  70.0  1 
 72 933274 104649  600  1  460  70.0  1 
 73 935458 070149  364  1  480  96.0  1 
 74 935190 102625 2108  5  540 143.5  1 
 75 935042 104524 1327  6  420 162.0  1 
 76 933793 103772  115  1  450 192.0  1 
 77 933624 104686  250  3  480 192.0  1 
 78 935125 104222 2102  5  450 295.0  1 
Orders:  83  
  0   0   1.0  2  
  1   1   1.0  2  
  2   2   1.0  6  
  3   3   1.0  1  
  4   4   1.5  1  
  5   5   1.5  2  
  6   6   2.0  2  
  7   7   2.0  0  
  8   8   2.0  2  
  9   9   2.0  2  
 10  10   2.5  6  
 11  11   2.5  0  
 12  12   3.0  4  
 13  13   3.0  2  
 14  14   3.5  0  
 15  15   3.5  4  
 16  16   4.0  5  
 17  17   4.0  2  
 18  18   4.0  1  
 19  19   4.5  4  
 20  20   4.5  4  
 21  21   5.0  6  
 22  22   5.0  6  
 23  23   5.5  0  
 24  24   6.0  0  
 25  25   6.5  6  
 26  26   7.0  0  
 27  27   7.0  0  
 28  28   7.5  5  
 29  29   8.0  6  
 30  30   8.0  1  
 31  31   9.0  6  
 32  32  11.0  6  
 33  33  11.5  5  
 34  34  12.0  1  
 35  35  12.5  5  
 36  36  13.0  5  
 37  37  13.5  5  
 38  38  14.0  1  
 39  39  14.0  4  
 40  40  14.0  2  
 41  41  14.5  5  
 42  42  16.0  4  
 43  43   5.5  1  
 44  43  10.5  1  
 45  44  17.5  0  
 46  45   5.0  5  
 47  45  13.5  5  
 48  46  18.5  0  
 49  47   6.0  6  
 50  47  13.5  6  
 51  48  19.5  3  
 52  49  21.0  1  
 53  50  22.0  3  
 54  51  22.5  3  
 55  52  27.0  4  
 56  53  30.0  2  
 57  54  30.0  0  
 58  55  30.0  4  
 59  56  31.0  6  
 60  57  32.0  1  
 61  58  35.0  6  
 62  59  36.0  5  
 63  60  37.5  6  
 64  61  37.5  0  
 65  62  40.0  6  
 66  63  40.0  1  
 67  64  40.5  4  
 68  65  48.0  0  
 69  66   7.0  3  
 70  66  41.5  3  
 71  67  48.5  0  
 72  68  54.0  2  
 73  69  54.5  0  
 74  70  55.0  6  
 75  71  70.0  1  
 76  72  70.0  1  
 77  73  96.0  1  
 78  74 143.5  5  
 79  75 162.0  6  
 80  76 192.0  1  
 81  77 192.0  3  
 82  78 295.0  5  
Plants:   7
 0 2492 35  75 
 1 2490 10 111 
 2 2493 50  75 
 3 2491 20  87 
 4 2494 54  70 
 5 2495 57  90 
 6 2496 58  90