Drivers:       104
  0    15017 263          -1  1  8  360
  1    10228 368          -1  1  8  410
  2    15162 387          -1  1  8  415
  3    15213 249          -1  1  8  425
  4    15228 340          -1  1  8  440
  5    15401 028          -1  1  8  465
  6    15405 381          -1  1  8  470
  7    15422 321          -1  1  8  475
  8    15435 388          -1  1  8  495
  9    15436 382          -1  1  8  510
 10    15428 196          -1  1  8  510
 11    15274 379          -1  1  8  545
 12    15521 098          -1  1  8  550
 13    15542 521          -1  1  8  550
 14    15515 342          -1  1  8  565
 15    15555 436          -1  1  8  580
 16    15432 392          -1  1  8  670
 17    15083 460          -1  2  8  370
 18    15112 486          -1  2  8  395
 19    15173 311          -1  2  8  400
 20    15277 158          -1  2  8  410
 21    15369 433          -1  2  8  420
 22    15423 366          -1  2  8  445
 23    15446 389          -1  2  8  465
 24    15459 390          -1  2  8  480
 25    15488 391          -1  2  8  490
 26    15486 313          -1  2  8  490
 27    15558 314          -1  2  8  500
 28  7000026 034          -1  2  8  510
 29  7000029 386          -1  2  8  515
 30  7000065 148          -1  2  8  520
 31  7000066 042          -1  2  8  520
 32    15347 307          -1  2  8  550
 33    15305 464          -1  2  8  625
 34    14417 437          -1  4  8  420
 35    15107 367          -1  4  8  435
 36    15070 426          -1  4  8  455
 37    15143 370          -1  4  8  465
 38    15161 331          -1  4  8  485
 39    15176 350          -1  4  8  500
 40    15243 449          -1  4  8  510
 41    15409 312          -1  4  8  525
 42    15451 383          -1  4  8  535
 43    15431 363          -1  4  8  545
 44    15460 308          -1  4  8  560
 45    15611 385          -1  4  8  580
 46  7000007 090          -1  4  8  585
 47  7000031 364          -1  4  8  595
 48  7000052 135          -1  4  8  605
 49  7000063 190          -1  4  8  625
 50  7000069 092          -1  4  8  625
 51    15150 301          -1  0  8  435
 52    15217 454          -1  0  8  480
 53    15392 463          -1  0  8  525
 54    14347 469          -1  3  8  360
 55    15476 378          -1  3  8  380
 56    15479 347          -1  3  8  385
 57    15598 434          -1  3  8  410
 58    15615 324          -1  3  8  435
 59  7000011 325          -1  3  8  465
 60  7000018 435          -1  3  8  470
 61  7000038 089          -1  3  8  475
 62  7000045 456          -1  3  8  485
 63    15102 349          -1  5  8  375
 64    15398 462          -1  5  8  385
 65    15507 384          -1  5  8  450
 66  7000059 019          -1  5  8  470
 67     2158 377          -1  6  8  375
 68     2118 470          -1  6  8  390
 69     2167 866          -1  6  8  400
 70    15535 832          -1  6  8  415
 71    15550 834          -1  6  8  435
 72    15566 830          -1  6  8  440
 73    15588 828          -1  6  8  460
 74    15605 822          -1  6  8  480
 75    15612 371          -1  6  8  490
 76    15421 820          -1  6  8  495
 77  7000056 826          -1  6  8  495
 78     2006 448          -1  7  8  430
 79     2019 294          -1  7  8  455
 80     2022 099          -1  7  8  465
 81     2023 548          -1  7  8  485
 82     2040 531          -1  7  8  495
 83     2047 536          -1  7  8  505
 84     2072 526          -1  7  8  510
 85    15560 528          -1  7  8  515
 86        1 5018JDMI     -1  7  8  550
 87        1 104_VAIL     -1  7  8  565
 88        1 77BLAIN      -1  7  8  570
 89  7000054 527          -1  7  8  580
 90        1 301_VAIL     -1  7  8  590
 91    14411 532          -1  1 12  365
 92    10124 542          -1  1 12  380
 93    15246 296          -1  1 12  390
 94    15346 524          -1  1 12  430
 95    15376 298          -1  1 12  450
 96    15076 537          -1  2 12  430
 97    15383 160          -1  2 12  530
 98  7000042 297          -1  2 12  540
 99        1 6406_BEL     -1  2 12  560
100        1 6401_BEL     -1  2 12  580
101     2026 429          -1  7 12  530
102  7000013 478          -1  7 12  545
103  7000067 430          -1  7 12  560
Clients:  42 1565.0
  0 928523 104683  743  6  540   1.5  1 
  1 927541 101386  710  6  660   1.5  1 
  2 927115 104054  625  5  420   2.0  1 
  3 928263 100692  343  3  420   3.0  1 
  4 927997 102167  792  6  660   3.0  1 
  5 927426 104442  686  1  810   3.5  1 
  6 928070 COD     809  6  840   4.0  1 
  7 926620 001549  521  5  510   5.0  1 
  8 927694 102708  735  7  660   5.5  1 
  9 923880 104054  158  7  810   5.5  1 
 10 927840 070149   84  5  420   6.0  1 
 11 923865 002695  156  1  420   6.0  1 
 12 925401 104320  302  2  420   6.0  1 
 13 927352 102831  663  0  480   7.0  1 
 14 922545 103062   72  5  510   7.0  1 
 15 928482 104638  881  1  540   8.0  1 
 16 928189 102695  354  0  420  12.0  1 
 17 923730 002195    5  1  600  13.0  1 
 18 928583 104909  892  1  780  13.5  1 
 19 928173 103987  828  7  780  13.5  1 
 20 922147 104778   57  1  660  14.0  1 
 21 928360 104764  864  4  810  15.0  1 
 22 927611 104557  728  1  630  16.0  2 
 23 928638 104842  105  7  810  16.0  1 
 24 927289 104679  654  6  420  16.5  2 
 25 928400 100060   96  1  480  18.0  1 
 26 926510 103929  507  1  480  21.0  1 
 27 927577 COD     717  3  420  22.0  3 
 28 921409 104493   46  2  720  22.0  1 
 29 924981 104451  260  1  570  32.0  1 
 30 924960 103352   49  1  660  32.0  1 
 31 925736 100060   96  1  600  35.0  1 
 32 928408 100579  147  2  540  38.0  2 
 33 927555 001620  547  3  480  40.0  1 
 34 924580 103772  115  2  750  70.0  1 
 35 925188 002195  284  1  630 102.0  1 
 36 927925 101523  225  1  420 117.0  1 
 37 923208 101501  110  7  480 138.0  1 
 38 924536 104054  224  4  480 155.0  1 
 39 924188 102625  153  6  420 160.0  1 
 40 924974 104493   46  2  450 160.0  1 
 41 925254 104524  263  7  540 199.0  1 
Orders:  47  
  0   0   1.5  6  
  1   1   1.5  6  
  2   2   2.0  5  
  3   3   3.0  3  
  4   4   3.0  6  
  5   5   3.5  1  
  6   6   4.0  6  
  7   7   5.0  5  
  8   8   5.5  7  
  9   9   5.5  7  
 10  10   6.0  5  
 11  11   6.0  1  
 12  12   6.0  2  
 13  13   7.0  0  
 14  14   7.0  5  
 15  15   8.0  1  
 16  16  12.0  0  
 17  17  13.0  1  
 18  18  13.5  1  
 19  19  13.5  7  
 20  20  14.0  1  
 21  21  15.0  4  
 22  22   8.0  1  
 23  22   8.0  1  
 24  23  16.0  7  
 25  24   7.0  6  
 26  24   9.5  6  
 27  25  18.0  1  
 28  26  21.0  1  
 29  27   3.5  3  
 30  27   7.5  3  
 31  27  11.0  3  
 32  28  22.0  2  
 33  29  32.0  1  
 34  30  32.0  1  
 35  31  35.0  1  
 36  32  14.0  2  
 37  32  24.0  2  
 38  33  40.0  3  
 39  34  70.0  2  
 40  35 102.0  1  
 41  36 117.0  1  
 42  37 138.0  7  
 43  38 155.0  4  
 44  39 160.0  6  
 45  40 160.0  2  
 46  41 199.0  7  
Plants:   8
 0 2492 35  75 
 1 2489  5 135 
 2 2490 10 111 
 3 2493 50  75 
 4 2491 20  87 
 5 2494 54  70 
 6 2495 57  90 
 7 2496 58  90