Drivers:        13
  0    15467 467          -1  0  8  360
  1  7000059 349          -1  0  8  360
  2  7000052 343          -1  0  8  360
  3    15107 367          -1  0  8  420
  4  7000063 097          -1  0  8  420
  5    15607 387          -1  0  8  420
  6  7000029 486          -1  0  8  480
  7  7000065 390          -1  0  8  480
  8    15562 140          -1  0  8  480
  9  7000026 369          -1  0  8  480
 10    15305 464          -1  0  8  420
 11    15383 331          -1  0  8  420
 12    15488 391          -1  0  8  420
Clients:  11 226.5
  0 936638 100650 2326  0  660   3.5  1 
  1 937214 104727 2397  0  660   4.0  1 
  2 935761 001264 2192  0  660   5.5  1 
  3 936663 000858 1784  0  570  17.5  1 
  4 936730 000785 2337  0  720   4.0  1 
  5 936734 000785 2337  0  780   7.0  1 
  6 936736 000785 2337  0  840   3.0  1 
  7 936738 000785  281  0  480  56.0  1 
  8 937260 000785 1991  0  510   8.0  1 
  9 934803 104686  140  0  420  78.0  2 
 10 936699 104686 2333  0  615  40.0  1 
Orders:  12  
  0   0   3.5  0  
  1   1   4.0  0  
  2   2   5.5  0  
  3   3  17.5  0  
  4   4   4.0  0  
  5   5   7.0  0  
  6   6   3.0  0  
  7   7  56.0  0  
  8   8   8.0  0  
  9   9   7.5  0  
 10   9  70.5  0  
 11  10  40.0  0  
Plants:   1
 0 2494 54  70