8
71
82
111
0 2489 5 135.0 
1 2490 10 111.0 
2 2491 20 87.0 
3 2492 35 75.0 
4 2493 50 75.0 
5 2494 54 70.0 
6 2495 57 90.0 
7 2496 58 90.0 
0 915969 101796 61 58 480.00 4.50 
1 929538 103762 1069 5 840.00 24.00 
2 925190 002195 284 5 450.00 176.00 
3 929416 104683 743 50 570.00 2.50 
4 925705 104686 340 54 420.00 84.00 
5 929419 003390 1050 10 660.00 5.00 
6 929292 COD 1025 35 480.00 4.50 
7 929420 003390 1051 10 600.00 21.00 
8 929551 103867 1072 20 840.00 3.00 
9 928148 104490 827 35 600.00 12.00 
10 928788 104672 174 10 720.00 12.00 
11 929431 104450 551 57 840.00 3.00 
12 927769 104284 751 35 450.00 20.00 
13 927388 104686 674 54 480.00 13.00 
14 926493 104764 499 57 690.00 8.00 
15 928542 103389 885 58 420.00 14.50 
16 929439 104269 79 20 745.00 7.50 
17 928416 104834 87 50 780.00 74.00 
18 928036 100740 369 54 900.00 3.00 
19 927909 002695 773 57 420.00 45.00 
20 927654 104706 278 5 480.00 28.00 
21 929317 104706 278 5 750.00 4.00 
22 929319 104706 278 5 810.00 9.00 
23 925865 104500 53 20 480.00 34.50 
24 929321 104706 278 5 480.00 13.00 
25 926124 000785 421 10 570.00 9.50 
26 922544 102690 76 58 540.00 24.00 
27 928944 070149 84 20 420.00 18.00 
28 928563 001620 547 50 810.00 12.50 
29 928052 102625 660 57 810.00 44.00 
30 927797 104097 754 58 690.00 2.00 
31 925239 100263 292 5 420.00 176.00 
32 928954 102183 959 50 690.00 2.50 
33 928443 COD 879 57 420.00 12.50 
34 929342 104158 1033 57 900.00 13.50 
35 928576 104123 891 5 840.00 5.50 
36 928708 104831 129 57 420.00 210.00 
37 929604 104503 1085 35 690.00 14.50 
38 928582 104493 46 10 720.00 40.00 
39 925895 103352 49 5 660.00 32.00 
40 924031 003390 169 20 570.00 12.50 
41 915967 101796 61 58 450.00 5.00 
42 929228 104849 1014 5 930.00 2.00 
43 929358 081916 1035 57 720.00 4.00 
44 925135 104706 278 5 450.00 20.00 
45 922704 104484 82 57 480.00 21.00 
46 928855 100373 943 58 540.00 128.00 
47 927448 000785 694 10 840.00 3.00 
48 928984 100878 969 20 600.00 56.00 
49 929495 039710 1063 10 660.00 24.00 
50 923995 104686 165 35 690.00 26.00 
51 928603 104831 36 57 780.00 18.00 
52 928988 104686 68 35 420.00 4.00 
53 929504 104442 816 54 690.00 1.00 
54 929506 104442 1064 20 840.00 3.50 
55 927843 070149 84 54 720.00 54.00 
56 929126 000066 996 35 420.00 9.00 
57 926567 104686 250 5 480.00 61.00 
58 925418 103973 154 58 810.00 90.00 
59 926316 103338 460 10 570.00 145.00 
60 927985 101386 789 58 760.00 4.00 
61 929265 100692 343 50 660.00 3.00 
62 927987 000785 790 10 585.00 7.00 
63 929395 104812 1043 5 900.00 15.50 
64 923895 104778 57 5 630.00 45.50 
65 926714 001234 538 57 840.00 2.00 
66 929531 003390 1068 20 930.00 12.00 
67 928636 104747 908 58 840.00 6.50 
68 915965 101796 61 58 420.00 6.50 
69 928126 100510 821 35 630.00 4.00 
70 923519 104054 33 57 720.00 25.50 
0 0 4.50 35 35 3 
1 1 24.00 25 20 4.07 
2 2 176.00 25 16 15.7 
3 3 2.50 35 15 3 
4 4 84.00 20 30 11.68 
5 5 5.00 25 60 3.32 
6 6 4.50 30 45 3 
7 7 21.00 25 15 17.7 
8 8 3.00 35 60 3.67 
9 9 12.00 24 15 3 
10 10 12.00 25 30 18.37 
11 11 3.00 25 45 3 
12 12 12.00 42 30 3 
13 12 8.00 42 30 3 
14 13 13.00 20 30 3 
15 14 8.00 25 15 3 
16 15 14.50 50 10 3 
17 16 1.00 25 60 3 
18 16 6.50 25 60 3 
19 17 16.00 33 15 3 
20 17 58.00 33 15 3 
21 18 3.00 35 60 3 
22 19 45.00 35 16 3 
23 20 28.00 35 30 5.5 
24 21 4.00 35 60 3.9 
25 22 9.00 35 15 3 
26 23 34.50 35 16 6.25 
27 24 13.00 35 60 3 
28 25 5.00 30 60 2.67 
29 25 4.50 30 60 2.67 
30 26 24.00 45 35 3 
31 27 18.00 30 45 3.23 
32 28 12.50 30 20 3 
33 29 44.00 15 15 3 
34 30 2.00 35 45 3 
35 31 176.00 15 16 5.23 
36 32 2.50 35 38 3 
37 33 12.50 20 35 3 
38 34 13.50 35 30 3 
39 35 5.50 30 75 3 
40 36 210.00 25 15 3 
41 37 14.50 45 15 3 
42 38 40.00 30 20 16.13 
43 39 32.00 20 40 7.05 
44 40 12.50 15 30 3 
45 41 5.00 35 35 3 
46 42 2.00 20 60 3 
47 43 4.00 35 30 3 
48 44 20.00 30 15 5.8 
49 45 21.00 35 45 3 
50 46 120.00 10 12 3 
51 46 8.00 10 12 3 
52 47 3.00 28 60 1.87 
53 48 40.00 30 16 11.63 
54 48 16.00 30 16 11.63 
55 49 24.00 15 20 7.03 
56 50 26.00 29 15 3 
57 51 18.00 15 20 3 
58 52 4.00 35 60 3 
59 53 1.00 35 60 2.87 
60 54 3.50 35 60 3 
61 55 42.00 30 30 1.17 
62 55 12.00 30 30 1.17 
63 56 4.00 35 60 3 
64 56 5.00 35 60 3 
65 57 61.00 35 30 11.83 
66 58 90.00 25 12 3 
67 59 144.00 30 20 10.6 
68 59 1.00 30 20 10.6 
69 60 4.00 25 45 3 
70 61 3.00 10 30 3 
71 62 7.00 30 60 5.53 
72 63 15.50 30 15 3 
73 64 22.00 15 30 7.17 
74 64 5.50 15 30 7.17 
75 64 18.00 15 30 7.17 
76 65 2.00 20 45 3 
77 66 12.00 20 20 8.47 
78 67 6.50 45 75 3 
79 68 6.50 35 45 3 
80 69 4.00 35 51 3 
81 70 25.50 35 20 3 
0 2072 1301 58 58 8 379 838 
1 15560 1379 58 58 8 405 949 
2 7000054 -1 -1 58 8 434 1006 
3 2022 1161 58 58 8 520 984 
4 2006 1147 58 58 8 486 658 
5 15550 1254 57 57 8 407 892 
6 15421 -1 -1 57 8 442 1049 
7 15383 834 20 57 12 566 962 
8 15305 625 5 5 8 462 749 
9 15435 1004 5 5 8 517 934 
10 15515 1283 5 5 8 557 846 
11 15555 -1 -1 5 8 565 877 
12 15017 -1 -1 5 8 401 925 
13 15428 992 5 5 8 521 926 
14 15223 276 5 5 8 516 970 
15 15414 962 35 35 8 422 801 
16 15562 1385 35 35 8 567 815 
17 15553 1358 35 35 8 563 843 
18 15547 1355 35 35 8 500 896 
19 15409 944 20 20 8 543 837 
20 7000031 35037 20 20 8 612 915 
21 15162 216 5 5 8 428 905 
22 15213 270 5 5 8 453 826 
23 15405 938 5 5 8 478 974 
24 15432 998 5 5 8 532 813 
25 15151 207 5 5 8 417 780 
26 15542 1346 5 5 8 546 877 
27 15580 -1 -1 5 8 578 886 
28 10124 126 5 5 12 437 882 
29 15076 246 10 5 12 589 864 
30 15246 375 5 5 12 464 779 
31 14411 123 5 5 12 423 885 
32 15346 733 5 5 12 490 976 
33 15376 810 5 5 12 501 912 
34 15438 1013 5 5 8 538 988 
35 15401 926 5 5 8 472 806 
36 15607 1499 5 5 8 583 953 
37 15377 813 5 5 12 597 952 
38 15422 980 5 5 8 499 970 
39 15436 1007 5 5 8 532 824 
40 2068 1289 58 58 12 562 884 
41 7000013 1849 58 58 12 584 1134 
42 2019 1148 58 58 8 514 973 
43 2026 1165 58 58 12 562 994 
44 7000067 -1 -1 58 12 575 1040 
45 7000059 35091 54 54 8 511 935 
46 7000062 35106 54 54 8 543 936 
47 15467 1085 54 54 8 574 717 
48 15398 912 54 54 8 457 858 
49 15102 -1 -1 54 8 432 905 
50 15589 1460 54 54 8 478 1028 
51 15507 1261 54 54 8 471 1006 
52 15107 177 20 20 8 436 980 
53 15143 201 20 20 8 452 834 
54 15460 1070 20 20 8 573 996 
55 15161 213 20 20 8 465 910 
56 15243 363 20 20 8 491 923 
57 15173 228 10 10 8 553 1108 
58 7000066 35112 10 10 8 642 920 
59 15083 156 10 10 8 540 803 
60 15103 171 10 10 8 539 851 
61 15112 183 10 10 8 553 1068 
62 15369 792 10 10 8 568 979 
63 15446 1031 10 10 8 583 886 
64 15486 1116 10 10 8 594 906 
65 15488 1125 10 10 8 614 977 
66 7000029 35028 10 10 8 629 984 
67 15277 570 10 10 8 568 1022 
68 7000065 35109 10 10 8 636 958 
69 15062 144 10 10 8 471 913 
70 15558 1364 10 10 8 623 927 
71 15423 983 10 10 8 573 1033 
72 15521 1310 5 5 8 552 1001 
73 7000030 35031 5 5 8 584 911 
74 15228 279 5 5 8 440 780 
75 7000056 -1 -1 57 8 462 1142 
76 15274 561 5 5 8 439 938 
77 15457 1061 35 35 8 438 627 
78 15539 1343 35 35 8 455 788 
79 2023 1164 58 58 8 358 800 
80 15451 1052 20 20 8 564 964 
81 2158 1168 57 57 8 380 891 
82 2167 1235 57 57 8 396 920 
83 15566 1255 57 57 8 420 951 
84 15612 1823 57 57 8 439 1083 
85 2040 1170 58 58 8 528 856 
86 2120 1206 57 57 12 439 863 
87 7000008 1841 57 57 12 462 893 
88 15578 1427 35 35 8 576 712 
89 15479 811 50 50 8 633 947 
90 15615 818 50 50 8 747 954 
91 7000011 1885 50 50 8 760 1010 
92 7000045 -1 -1 50 8 780 992 
93 15598 815 50 50 8 651 921 
94 7000038 35046 50 50 8 768 1106 
95 2149 1221 57 57 8 396 849 
96 2001 1152 57 57 12 396 811 
97 2047 1173 58 58 8 371 993 
98 14347 300 50 50 8 519 939 
99 15459 1067 10 10 8 582 873 
100 15588 1457 57 57 8 420 869 
101 14417 117 20 20 8 375 838 
102 15070 150 20 20 8 426 886 
103 15176 231 20 20 8 474 779 
104 15431 995 20 20 8 557 744 
105 15611 1817 20 20 8 590 812 
106 7000052 35076 20 20 8 618 737 
107 7000063 35103 20 20 8 628 804 
108 15150 342 35 35 8 381 761 
109 15408 941 35 35 8 422 802 
110 15614 1829 35 35 8 591 797