8
95
106
124
0 2489 5 135.0 
1 2490 10 111.0 
2 2491 20 87.0 
3 2492 35 75.0 
4 2493 50 75.0 
5 2494 54 70.0 
6 2495 57 90.0 
7 2496 58 90.0 
0 928769 101042 927 5 840.00 13.00 
1 931334 104686 140 5 660.00 22.50 
2 932359 100333 1605 57 630.00 30.00 
3 931848 101127 1491 35 540.00 62.50 
4 932360 100333 1606 57 720.00 29.00 
5 932362 000785 1368 54 585.00 7.00 
6 931339 104604 1391 50 450.00 17.00 
7 930829 000164 1313 5 480.00 4.00 
8 931860 002658 1492 57 450.00 5.00 
9 932886 COD 1700 57 420.00 9.00 
10 931878 104831 129 57 840.00 52.50 
11 929841 101024 1131 54 660.00 2.00 
12 919609 000749 8 5 720.00 68.50 
13 931899 104284 1498 35 660.00 13.50 
14 931387 036960 805 50 420.00 87.00 
15 929857 100579 147 10 480.00 50.00 
16 930378 101553 1225 10 540.00 1.50 
17 932426 COD 1618 57 720.00 6.50 
18 932943 003390 1711 35 480.00 12.50 
19 932948 COD 1712 57 480.00 1.00 
20 931930 104686 294 20 960.00 8.00 
21 930396 104842 105 58 450.00 222.50 
22 932444 104118 1621 58 780.00 2.50 
23 931936 003390 1505 57 660.00 16.00 
24 931937 104301 1506 35 660.00 3.00 
25 932983 103820 1722 5 510.00 98.00 
26 930942 104837 1309 54 570.00 16.00 
27 931968 COD 1512 57 450.00 9.00 
28 931492 001460 1420 57 660.00 9.00 
29 930981 104686 221 57 720.00 32.00 
30 925353 104706 278 5 870.00 28.00 
31 929451 101523 225 5 420.00 216.00 
32 933038 104269 79 54 900.00 4.50 
33 929461 003390 1061 20 870.00 16.50 
34 931509 102603 431 35 510.00 8.50 
35 928951 103765 958 35 810.00 40.00 
36 926395 104892 118 54 480.00 228.50 
37 933061 104764 499 57 750.00 2.00 
38 932038 002891 1524 57 780.00 13.50 
39 927439 103352 690 10 660.00 32.00 
40 932049 100088 1527 58 840.00 11.00 
41 930523 104649 1240 58 660.00 28.00 
42 930525 104649 1240 10 480.00 84.00 
43 931037 104284 1346 35 660.00 2.00 
44 933090 003390 1740 5 750.00 1.00 
45 933097 102750 1538 57 870.00 9.50 
46 929004 104835 248 57 780.00 4.50 
47 930541 003390 1243 54 840.00 3.00 
48 933112 COD 1742 57 840.00 2.50 
49 932104 102625 660 57 780.00 20.00 
50 933130 103047 1744 58 930.00 2.00 
51 917260 104590 0 54 765.00 6.00 
52 932110 102735 1545 35 780.00 14.00 
53 931604 104222 92 20 840.00 45.00 
54 932638 103762 1646 10 420.00 61.00 
55 924453 103765 218 35 690.00 28.00 
56 932133 104970 47 54 840.00 28.00 
57 931627 070149 273 35 420.00 27.00 
58 931633 104820 1445 50 630.00 27.00 
59 930621 103723 1266 50 870.00 8.00 
60 933190 002087 1757 58 870.00 1.50 
61 923983 104686 56 35 690.00 19.50 
62 931673 103723 1451 50 570.00 2.50 
63 930672 104284 1281 35 840.00 36.00 
64 930163 000785 1151 35 870.00 4.50 
65 931188 001938 161 10 420.00 3.00 
66 931706 104312 1455 57 900.00 4.00 
67 929659 103085 1096 57 660.00 16.50 
68 930172 000785 1190 35 765.00 2.50 
69 930176 103976 1191 58 780.00 73.00 
70 930179 104401 438 10 690.00 71.00 
71 931721 104362 190 10 540.00 3.00 
72 932753 104686 413 35 570.00 3.00 
73 931731 023155 865 35 930.00 5.50 
74 931735 023155 865 57 780.00 4.00 
75 931736 102893 1459 57 450.00 2.00 
76 932760 104686 1423 35 450.00 3.00 
77 929702 103723 653 50 600.00 27.00 
78 931248 102013 1379 35 450.00 14.00 
79 931254 070149 84 20 420.00 133.00 
80 928185 102603 831 5 420.00 204.00 
81 931264 104679 657 57 420.00 16.50 
82 931265 104679 655 57 570.00 6.00 
83 931267 104003 1381 10 420.00 13.00 
84 929220 104493 1012 54 600.00 61.00 
85 930245 101951 10 50 480.00 122.00 
86 932810 102456 1501 57 960.00 12.00 
87 932816 102183 1688 50 870.00 4.50 
88 932312 104123 1509 58 420.00 6.00 
89 925147 104706 278 54 450.00 32.50 
90 931292 103973 1385 58 660.00 56.50 
91 932852 104484 350 54 810.00 3.00 
92 933368 103820 1763 10 960.00 14.00 
93 932345 002518 1603 35 930.00 26.00 
94 927743 100878 122 5 420.00 132.00 
0 0 13.00 40 30 3 
1 1 22.50 25 30 3 
2 2 30.00 35 15 3 
3 3 62.50 30 30 3 
4 4 29.00 35 15 3 
5 5 7.00 15 60 3 
6 6 9.00 35 60 3 
7 6 8.00 35 60 3 
8 7 4.00 20 60 3 
9 8 5.00 35 45 3 
10 9 9.00 25 45 3 
11 10 52.50 25 20 3 
12 11 2.00 15 60 3 
13 12 68.50 10 20 9.57 
14 13 13.50 35 15 3 
15 14 87.00 20 20 3 
16 15 32.00 20 20 16.1 
17 15 18.00 20 20 16.1 
18 16 1.50 40 60 3 
19 17 6.50 35 44 3 
20 18 12.50 15 45 3 
21 19 1.00 35 39 3 
22 20 8.00 25 60 1.93 
23 21 222.50 25 10 3 
24 22 2.50 35 45 3 
25 23 16.00 40 30 3 
26 24 3.00 35 30 3 
27 25 98.00 30 30 15.73 
28 26 16.00 35 20 3 
29 27 9.00 25 25 3 
30 28 9.00 40 60 3 
31 29 32.00 25 32 3 
32 30 28.00 35 15 3 
33 31 216.00 30 12 10.68 
34 32 4.50 25 60 3 
35 33 16.50 15 45 3 
36 34 6.00 15 20 3 
37 34 2.50 15 20 3 
38 35 40.00 32 20 3 
39 36 102.00 20 15 10.8 
40 36 26.00 20 15 10.8 
41 36 82.50 20 15 10.8 
42 36 18.00 20 15 10.8 
43 37 2.00 25 25 3 
44 38 13.50 40 45 3 
45 39 32.00 35 40 2.8 
46 40 11.00 35 45 3 
47 41 28.00 25 45 3 
48 42 84.00 35 40 15.77 
49 43 2.00 25 45 3 
50 44 1.00 30 60 5.73 
51 45 9.50 20 30 3 
52 46 4.50 35 45 3 
53 47 3.00 35 60 3 
54 48 2.50 25 45 3 
55 49 20.00 15 15 3 
56 50 2.00 40 30 3 
57 51 6.00 30 20 3 
58 52 14.00 25 15 3 
59 53 45.00 35 15 11.33 
60 54 56.00 25 25 14.97 
61 54 5.00 25 25 14.97 
62 55 28.00 35 15 3 
63 56 28.00 20 40 3 
64 57 27.00 38 45 3 
65 58 27.00 24 20 3 
66 59 8.00 25 45 3 
67 60 1.50 22 45 3 
68 61 19.50 25 20 3 
69 62 2.50 26 45 3 
70 63 36.00 25 18 3 
71 64 4.50 25 60 3 
72 65 3.00 35 60 3 
73 66 4.00 35 45 3 
74 67 16.50 35 20 3 
75 68 2.50 30 60 3 
76 69 73.00 35 15 3 
77 70 71.00 35 20 13.63 
78 71 3.00 40 60 3 
79 72 3.00 25 20 3 
80 73 5.50 28 35 3 
81 74 4.00 40 35 3 
82 75 2.00 45 40 3 
83 76 3.00 25 20 3 
84 77 27.00 20 40 3 
85 78 8.00 27 45 3 
86 78 6.00 27 45 3 
87 79 133.00 30 21 14.27 
88 80 204.00 15 16 7.33 
89 81 10.00 35 25 3 
90 81 6.50 35 25 3 
91 82 6.00 35 25 3 
92 83 13.00 15 20 5.8 
93 84 61.00 30 24 3.37 
94 85 122.00 35 20 3 
95 86 12.00 5 15 3 
96 87 4.50 35 38 3 
97 88 6.00 35 60 3 
98 89 32.50 45 15 3 
99 90 56.50 26 20 3 
100 91 3.00 25 60 2.97 
101 92 14.00 30 15 3 
102 93 26.00 10 15 3 
103 94 72.00 15 16 9.73 
104 94 40.00 15 16 9.73 
105 94 20.00 15 16 9.73 
0 15559 1370 5 54 8 562 1036 
1 15274 561 5 5 8 449 843 
2 15401 926 5 5 8 449 874 
3 15422 980 5 5 8 449 988 
4 15435 1004 5 5 8 468 897 
5 15110 180 5 5 8 423 905 
6 10228 54 5 5 8 399 935 
7 15515 1283 5 5 8 486 951 
8 15223 276 5 5 8 438 1046 
9 15562 1385 35 35 8 524 1046 
10 15614 1829 35 35 8 524 1059 
11 15578 1427 35 35 8 545 1000 
12 15547 1355 35 35 8 504 886 
13 7000041 -1 -1 35 8 571 1022 
14 15414 962 35 35 8 461 949 
15 15150 342 35 35 8 363 866 
16 15102 -1 -1 54 8 396 939 
17 15398 912 54 54 8 424 1080 
18 15467 1085 54 54 8 456 1080 
19 15507 1261 54 54 8 459 885 
20 15589 1460 54 54 8 452 989 
21 15438 1013 5 5 8 487 950 
22 15228 279 5 5 8 438 972 
23 15432 998 5 5 8 463 966 
24 15521 1310 5 5 8 499 964 
25 15161 213 20 20 8 424 1019 
26 15243 363 20 20 8 449 1033 
27 15245 372 20 20 8 463 936 
28 15460 1070 20 20 8 506 971 
29 15516 1286 20 20 8 517 954 
30 7000007 1844 20 20 8 540 851 
31 7000052 35076 20 20 8 555 932 
32 15107 177 20 20 8 407 880 
33 7000069 35115 20 20 8 580 1110 
34 15431 995 20 20 8 493 1025 
35 15451 1052 20 20 8 505 1027 
36 15143 201 20 20 8 414 767 
37 7000063 35103 20 20 8 699 1040 
38 15409 944 20 20 8 490 890 
39 15358 762 20 20 8 474 906 
40 15446 1031 10 10 8 476 813 
41 7000026 35022 10 10 8 514 1051 
42 15369 792 10 10 8 438 922 
43 15017 -1 -1 5 8 417 943 
44 15213 270 5 5 8 437 650 
45 15542 1346 5 5 8 509 889 
46 15305 625 5 5 8 518 847 
47 15377 813 5 5 12 400 800 
48 15376 810 5 5 12 396 938 
49 15436 1007 5 5 8 468 908 
50 15383 834 20 5 12 517 932 
51 15347 734 5 54 8 549 942 
52 15392 892 35 35 8 415 983 
53 15457 1061 35 35 8 463 992 
54 15343 725 35 35 8 410 908 
55 15408 941 35 35 8 461 976 
56 15550 1254 57 57 8 430 927 
57 15607 1499 5 54 8 585 1002 
58 7000053 35082 5 54 8 613 1026 
59 7000062 35106 54 54 8 526 1041 
60 15580 -1 -1 54 8 562 1007 
61 10124 126 5 5 12 381 892 
62 15138 195 5 5 8 423 855 
63 15346 733 5 5 12 499 832 
64 15428 992 5 5 8 461 861 
65 15176 231 20 20 8 590 947 
66 2149 1221 57 57 8 405 922 
67 15568 1256 57 57 8 464 948 
68 15605 1497 57 57 8 513 1052 
69 7000011 1885 50 50 8 478 875 
70 15476 -1 -1 50 8 420 746 
71 7000038 35046 50 50 8 508 875 
72 14340 291 50 50 8 393 991 
73 15423 983 10 10 8 460 1024 
74 7000029 35028 10 10 8 504 1056 
75 7000065 35109 10 10 8 496 1069 
76 15103 171 10 10 8 386 826 
77 15486 1116 10 10 8 478 852 
78 15539 1343 35 35 8 472 969 
79 15217 841 35 35 8 422 987 
80 2022 1161 58 58 8 468 977 
81 2047 1173 58 58 8 478 879 
82 2068 1289 58 58 12 492 876 
83 7000067 -1 -1 58 12 535 926 
84 2057 1182 58 58 8 485 958 
85 2019 1148 58 58 8 454 978 
86 7000054 -1 -1 58 8 518 960 
87 15558 1364 10 10 8 656 976 
88 7000066 35112 10 10 8 524 937 
89 15488 1125 10 10 8 491 1084 
90 15214 273 10 10 8 424 894 
91 15566 1255 57 57 8 478 1158 
92 15582 1442 57 57 8 502 871 
93 15612 1823 57 57 8 525 1018 
94 15421 -1 -1 57 8 541 1052 
95 7000056 -1 -1 57 8 557 996 
96 2158 1168 57 57 8 386 840 
97 15535 1251 57 57 8 430 962 
98 15588 1457 57 57 8 502 967 
99 2001 1152 57 57 12 386 919 
100 14347 300 50 50 8 403 906 
101 2006 1147 58 58 8 444 930 
102 2040 1170 58 58 8 471 1030 
103 2072 1301 58 58 8 502 909 
104 7000013 1849 58 58 12 511 812 
105 15083 156 10 10 8 388 967 
106 15112 183 10 10 8 395 896 
107 15553 1358 35 35 8 498 901 
108 7000032 -1 -1 35 8 568 966 
109 2167 1235 57 57 8 410 942 
110 14417 117 20 20 8 374 1020 
111 7000031 35037 20 20 8 449 670 
112 15611 1817 20 20 8 524 969 
113 15606 1496 57 57 12 517 937 
114 15173 228 10 10 8 429 852 
115 2026 1165 58 58 12 407 909 
116 7000018 -1 -1 57 8 491 1013 
117 7000045 -1 -1 50 8 517 678 
118 15450 779 50 50 8 410 1001 
119 15479 811 50 50 8 441 696 
120 15615 818 50 50 8 455 942 
121 2120 1206 57 57 12 386 945 
122 7000008 1841 57 57 12 591 1029 
123 15526 1246 57 57 12 410 731