Drivers:       153
  0    10228 368          -1  1  8  360
  1    15213 249          -1  1  8  420
  2    15401 461          -1  1  8  420
  3    15428 362          -1  1  8  480
  4    15432 392          -1  1  8  480
  5    15436 382          -1  1  8  480
  6    15422 321          -1  1  8  420
  7    15435 388          -1  1  8  480
  8    15347 307          -1  1  8  540
  9    15305 464          -1  1  8  540
 10    15607 188          -1  1  8  480
 11    15017 263          -1  1  8  360
 12    15559 315          -1  1  8  480
 13    15228 436          -1  1  8  480
 14    15542 521          -1  1  8  480
 15  7000053 024          -1  1  8  540
 16    14347 469          -1  3  8  360
 17    14340 482          -1  3  8  360
 18  7000018 435          -1  3  8  480
 19     2149 831          -1  6  8  360
 20  7000011 325          -1  3  8  420
 21    15110 440          -1  1  8  420
 22    15274 379          -1  1  8  420
 23    15438 361          -1  1  8  480
 24    15138 450          -1  1  8  360
 25    15223 320          -1  1  8  480
 26    15408 455          -1  0  8  420
 27    15547 489          -1  0  8  420
 28  7000041 185          -1  0  8  540
 29    15578 037          -1  0  8  540
 30    15414 323          -1  0  8  420
 31    15562 140          -1  0  8  420
 32    15580 029          -1  1  8  480
 33  7000032 246          -1  0  8  480
 34    15062 490          -1  2  8  360
 35    15535 470          -1  6  8  360
 36    15588 828          -1  6  8  480
 37    15612 371          -1  6  8  480
 38    15614 138          -1  0  8  600
 39    15507 384          -1  5  8  420
 40    15369 433          -1  2  8  420
 41    15488 391          -1  2  8  420
 42        1 705NEPVE     -1  2  8  480
 43        1 703NEPVE     -1  2  8  540
 44        1 0187__PI     -1  2  8  540
 45        1 17314IMP     -1  2  8  480
 46  7000026 369          -1  2  8  480
 47    15486 313          -1  5  8  480
 48  7000063 190          -1  5  8  480
 49    15112 486          -1  2  8  360
 50    15173 311          -1  2  8  420
 51    15083 460          -1  2  8  360
 52    15103 344          -1  2  8  360
 53    15214 319          -1  2  8  420
 54    15423 366          -1  2  8  420
 55        1 702NEPVE     -1  2  8  480
 56    15446 389          -1  2  8  420
 57    15107 367          -1  4  8  360
 58    15409 312          -1  4  8  420
 59    15568 822          -1  6  8  420
 60    15582 032          -1  6  8  480
 61    15566 830          -1  6  8  420
 62    15161 097          -1  5  8  420
 63    15451 383          -1  5  8  420
 64  7000052 135          -1  4  8  480
 65    15358 310          -1  4  8  420
 66    15450 346          -1  3  8  360
 67    15615 020          -1  3  8  840
 68  7000066 018          -1  5  8  540
 69     2022 099          -1  7  8  360
 70     2057 529          -1  7  8  420
 71        1 5018JDMI     -1  7  8  420
 72        1 35BLAIN      -1  7  8  480
 73        1 77BLAIN      -1  7  8  480
 74     2006 448          -1  7  8  360
 75     2023 548          -1  7  8  360
 76     2072 176          -1  7  8  420
 77        1 103VAIL      -1  7  8  480
 78        1 301_VAIL     -1  7  8  480
 79  7000054 527          -1  7  8  420
 80    15431 363          -1  4  8  540
 81    15615 324          -1  3  8  420
 82    15476 378          -1  3  8  420
 83  7000045 456          -1  3  8  480
 84  7000038 157          -1  3  8  480
 85    15102 349          -1  5  8  360
 86    15398 462          -1  5  8  360
 87    15467 467          -1  5  8  420
 88    15589 156          -1  5  8  420
 89    15558 314          -1  5  8  480
 90  7000065 200          -1  5  8  540
 91  7000062 035          -1  5  8  420
 92  7000029 390          -1  5  8  480
 93    15460 343          -1  5  8  480
 94    15611 092          -1  5  8  480
 95    15421 866          -1  6  8  780
 96    15150 301          -1  0  8  360
 97    15392 463          -1  0  8  360
 98    15217 454          -1  0  8  360
 99    15457 150          -1  0  8  420
100    15343 300          -1  0  8  540
101    15553 345          -1  0  8  420
102    15245 364          -1  4  8  420
103  7000031 026          -1  4  8  480
104  7000069 189          -1  4  8  480
105    15176 350          -1  4  8  420
106    15243 449          -1  4  8  420
107  7000007 090          -1  4  8  480
108    15516 385          -1  4  8  480
109    15143 824_MER      -1  4  8  600
110    15151 259          -1  5  8  480
111     2047 536          -1  7  8  420
112    15605 807          -1  0  8  480
113     2158 377          -1  6  8  360
114        1 5022BEL      -1  7  8  480
115  7000056 826          -1  6  8  480
116        1 704NEPVE     -1  0  8  540
117  7000056 143          -1  6  8  720
118    15560 528          -1  7  8  420
119    15143 370          -1  4  8  360
120    14417 437          -1  4  8  360
121    15070 426          -1  4  8  360
122    15479 347          -1  3  8  420
123     2019 294          -1  7  8  360
124        1 104_VAIL     -1  7  8  480
125     2040 531          -1  7  8  360
126    15515 342          -1  1  8  480
127    15421 820          -1  6  8  480
128      999 P999         -1  0  8  780
129  7000042 049          -1  4 12  360
130    15076 537          -1  2 12  360
131        1 6406_BEL     -1  2 12  480
132        1 6402_BEL     -1  2 12  480
133        1 6405BEL      -1  2 12  480
134        1 6407BEL      -1  2 12  540
135    15246 296          -1  1 12  420
136  7000067 430          -1  7 12  480
137     2026 429          -1  7 12  360
138        1 708NEPVE     -1  6 12  480
139        1 215_MD       -1  6 12  480
140    15383 160          -1  4 12  360
141     2001 867          -1  6 12  420
142    15526 844          -1  6 12  420
143    15606 835          -1  6 12  480
144        1 707NEPVE     -1  6 12  540
145        1 706NEPVE     -1  6 12  480
146    10124 542          -1  1 12  420
147    15377 065          -1  1 12  480
148    15346 524          -1  1 12  480
149    14411 532          -1  1 12  360
150    15376 298          -1  1 12  420
151  7000013 476          -1  7 12  420
152     2068 468          -1  7 12  420
Clients:  112 3953.5
  0 933855 103060 1881  6  780   1.0  1 
  1 932897 102183 1701  3  870   1.5  1 
  2 929090 102946  988  5  480   2.0  1 
  3 933331 081916 1778  0  870   2.0  1 
  4 933446 104683   88  3  480   2.5  1 
  5 932074 COD 1532  6  420   3.0  1 
  6 930777 103631 1300  0  450   4.0  1 
  7 933172 104604 1391  3  840   4.0  1 
  8 928975 103338  965  2  420   5.0  1 
  9 931729 023155  865  0  840   5.0  1 
 10 933286 102167 1770  3  690   5.0  1 
 11 932959 104123 1509  7  420   5.5  1 
 12 933703 103820 1847  6  540   5.5  1 
 13 930866 103751  786  0  690   6.0  1 
 14 932866 104442 1474  4  870   6.0  1 
 15 932910 100510 1140  0  780   6.0  1 
 16 932949 104470 1713  7  675   6.0  1 
 17 930382 101553 1225  5  720   6.5  1 
 18 929006 104835  248  0  930   7.0  1 
 19 931490 102959 1419  7  615   7.0  1 
 20 931637 104840 1447  6  750   7.0  1 
 21 931722 104362  190  7  570   7.5  1 
 22 932951 104053 1715  1  420   7.5  1 
 23 932972 104153 1718  0  780   7.5  1 
 24 933163 102219 1751  3  840   7.5  1 
 25 932588 102878 1639  0  450   9.5  1 
 26 931737 102893 1460  6  510  10.5  1 
 27 933198 104404 1753  0  630  11.5  1 
 28 933367 003428 1782  6  750  11.5  1 
 29 933234 104618 1764  6  780  12.0  1 
 30 928891 102309  948  0  450  13.0  1 
 31 932635 104830 1521  5  840  14.0  1 
 32 932467 003056 1624  7  660  14.5  1 
 33 932420 102456  723  3  480  15.0  1 
 34 929675 100009 1101  6  660  15.5  1 
 35 932106 101523  225  1  750  15.5  1 
 36 933074 002518 1738  6  630  16.5  1 
 37 928690 001234  917  1  480  17.5  1 
 38 933475 103726 1794  7  450  18.0  2 
 39 932040 002891 1525  3  690  18.5  1 
 40 932929 104557 1707  0  420  15.0  1 
 41 933524 104557 1804  0  600   4.0  1 
 42 932352 103723  653  3  585   3.5  1 
 43 933322 103723 1266  3  900  16.0  1 
 44 933327 102752 1777  6  540  20.0  1 
 45 932844 104927 1693  7  420  21.0  1 
 46 931507 104908 1421  0  450  23.0  1 
 47 929950 003265  400  2  630  24.0  1 
 48 931568 000785 1179  1  900   6.0  1 
 49 932729 000785 1669  2  660   3.5  1 
 50 933840 000785  245  4  810  16.0  2 
 51 932406 101012 1614  0  720  26.0  1 
 52 930574 104764  192  6  810  27.0  1 
 53 933066 100211 1736  6  630  27.0  1 
 54 932520 100720 1632  7  450  28.0  1 
 55 933587 104741  261  1  870  28.0  1 
 56 928997 101951  128  6  810  28.5  1 
 57 932079 104841 1534  7  660  31.0  1 
 58 930180 104401  438  2  810  32.0  1 
 59 930224 001460 1198  3  810  24.0  1 
 60 932122 001460 1551  4  780   8.0  1 
 61 930156 101024 1187  4  480  34.5  1 
 62 930645 103062 1274  5  750  16.5  2 
 63 930736 103062 1292  4  765  20.0  1 
 64 925933 000858  388  3  780  39.0  1 
 65 931902 104284 1499  0  870  39.0  1 
 66 933622 104590    0  5  870  40.0  1 
 67 929463 003390 1061  6  870  27.0  2 
 68 930543 003390 1245  4  840   6.0  1 
 69 931066 003390 1008  5  900   8.0  1 
 70 931882 104831  129  6  840  41.0  1 
 71 932853 103861 1694  7  750  43.0  1 
 72 932854 103861 1695  7  945   8.0  1 
 73 930948 000164 1333  1  480  54.0  1 
 74 929949 104778   57  2  780  57.5  1 
 75 926039 101989  401  1  630  72.0  1 
 76 929388 100060   96  2  480  73.0  2 
 77 930770 000241 1299  5  750  32.0  1 
 78 930907 000241 1047  7  810  47.0  1 
 79 932644 103762 1649  1  420  92.0  2 
 80 933500 103762 1799  2  600   8.0  1 
 81 933749 103762 1855  1  540   5.0  1 
 82 933825 103762   13  1  645   4.0  1 
 83 930546 104820 1247  3  420 113.0  2 
 84 930528 104649  600  7  420  82.0  1 
 85 930532 104649  600  7  435  35.0  1 
 86 932583 104842  105  7  600 119.5  1 
 87 931501 103867 1376  6  420 131.0  1 
 88 932569 100373  470  7  480 131.5  2 
 89 925155 104706  278  1  450  84.5  1 
 90 925355 104706  278  1  810  39.5  1 
 91 927668 104706  278  1  540  42.0  1 
 92 929334 104815   94  2  420 196.0  1 
 93 929310 104054  186  2  480 129.0  2 
 94 930799 104054  629  1  630  96.0  1 
 95 930153 102625  153  6  450  72.0  1 
 96 931967 102625 1511  1  445 147.0  2 
 97 933297 102625  425  7  870  24.0  1 
 98 933687 102625   70  1  780   2.0  1 
 99 930570 003483  146  5  445 145.0  5 
100 932073 003483  232  6  690 104.0  2 
101 932172 100878  847  4  420 164.0  3 
102 932554 100878  122  1  780 108.0  2 
103 927560 104686   56  0  450  17.5  1 
104 927566 104686   56  0  630  18.0  1 
105 930629 104686   68  0  540  72.0  1 
106 930785 104686 1304  4  420  94.0  1 
107 931515 104686   59  5  480 119.0  1 
108 932418 104686  829  0  765  21.0  1 
109 932419 104686  829  0  870  31.5  1 
110 932484 104686  177  4  930  16.0  1 
111 932503 104686 1011  4  415  81.0  2 
Orders:  131  
  0   0   1.0  6  
  1   1   1.5  3  
  2   2   2.0  5  
  3   3   2.0  0  
  4   4   2.5  3  
  5   5   3.0  6  
  6   6   4.0  0  
  7   7   4.0  3  
  8   8   5.0  2  
  9   9   5.0  0  
 10  10   5.0  3  
 11  11   5.5  7  
 12  12   5.5  6  
 13  13   6.0  0  
 14  14   6.0  4  
 15  15   6.0  0  
 16  16   6.0  7  
 17  17   6.5  5  
 18  18   7.0  0  
 19  19   7.0  7  
 20  20   7.0  6  
 21  21   7.5  7  
 22  22   7.5  1  
 23  23   7.5  0  
 24  24   7.5  3  
 25  25   9.5  0  
 26  26  10.5  6  
 27  27  11.5  0  
 28  28  11.5  6  
 29  29  12.0  6  
 30  30  13.0  0  
 31  31  14.0  5  
 32  32  14.5  7  
 33  33  15.0  3  
 34  34  15.5  6  
 35  35  15.5  1  
 36  36  16.5  6  
 37  37  17.5  1  
 38  38   7.0  7  
 39  38  11.0  7  
 40  39  18.5  3  
 41  40  15.0  0  
 42  41   4.0  0  
 43  42   3.5  3  
 44  43  16.0  3  
 45  44  20.0  6  
 46  45  21.0  7  
 47  46  23.0  0  
 48  47  24.0  2  
 49  48   6.0  1  
 50  49   3.5  2  
 51  50   2.0  2  
 52  50  14.0  4  
 53  51  26.0  0  
 54  52  27.0  6  
 55  53  27.0  6  
 56  54  28.0  7  
 57  55  28.0  1  
 58  56  28.5  6  
 59  57  31.0  7  
 60  58  32.0  2  
 61  59  24.0  3  
 62  60   8.0  4  
 63  61  34.5  4  
 64  62   6.0  5  
 65  62  10.5  5  
 66  63  20.0  4  
 67  64  39.0  3  
 68  65  39.0  0  
 69  66  40.0  5  
 70  67   2.5  6  
 71  67  24.5  4  
 72  68   6.0  4  
 73  69   8.0  5  
 74  70  41.0  6  
 75  71  43.0  7  
 76  72   8.0  7  
 77  73  54.0  1  
 78  74  57.5  2  
 79  75  72.0  1  
 80  76  16.0  2  
 81  76  57.0  2  
 82  77  32.0  5  
 83  78  47.0  7  
 84  79   6.0  1  
 85  79  86.0  1  
 86  80   8.0  2  
 87  81   5.0  1  
 88  82   4.0  1  
 89  83   3.0  3  
 90  83 110.0  3  
 91  84  82.0  7  
 92  85  35.0  7  
 93  86 119.5  7  
 94  87 131.0  6  
 95  88  53.5  7  
 96  88  78.0  7  
 97  89  84.5  1  
 98  90  39.5  1  
 99  91  42.0  1  
100  92 196.0  2  
101  93  51.0  2  
102  93  78.0  2  
103  94  96.0  1  
104  95  72.0  6  
105  96   1.0  1  
106  96 146.0  1  
107  97  24.0  7  
108  98   2.0  1  
109  99   1.0  5  
110  99  10.0  5  
111  99  18.0  5  
112  99  26.0  5  
113  99  90.0  5  
114 100  36.0  6  
115 100  68.0  6  
116 101   4.0  4  
117 101  32.0  4  
118 101 128.0  4  
119 102   8.0  1  
120 102 100.0  1  
121 103  17.5  0  
122 104  18.0  0  
123 105  72.0  0  
124 106  94.0  4  
125 107 119.0  5  
126 108  21.0  0  
127 109  31.5  0  
128 110  16.0  4  
129 111   1.0  4  
130 111  80.0  4  
Plants:   8
 0 2492 35  75 
 1 2489  5 135 
 2 2490 10 111 
 3 2493 50  75 
 4 2491 20  87 
 5 2494 54  70 
 6 2495 57  90 
 7 2496 58  90