8
8
11
26
0 2489 5 135.0 
1 2490 10 111.0 
2 2491 20 87.0 
3 2492 35 75.0 
4 2493 50 75.0 
5 2494 54 70.0 
6 2495 57 90.0 
7 2496 58 90.0 
0 935940 104686 2221 54 480.00 72.00 
1 936678 104053 2329 10 690.00 6.50 
2 933897 104500 501 54 480.00 156.00 
3 936746 070149 935 10 630.00 11.00 
4 935979 100373 943 58 420.00 311.50 
5 937483 104686 2431 54 600.00 94.00 
6 937836 104741 71 10 420.00 112.00 
7 937588 102338 2442 10 660.00 13.00 
0 0 72.00 35 24 16.92 
1 1 6.50 25 60 3 
2 2 133.00 15 16 26.18 
3 2 22.00 15 16 26.18 
4 2 1.00 15 16 26.18 
5 3 11.00 30 20 3 
6 4 299.50 12 10 3 
7 4 12.00 12 10 3 
8 5 94.00 15 13 1.43 
9 6 112.00 25 17 8.35 
10 7 13.00 35 20 3 
0 15107 177 20 54 8 482 848 
1 15243 363 20 54 8 452 871 
2 7000052 35076 20 54 8 462 867 
3 15422 980 5 54 8 490 860 
4 15428 992 5 54 8 502 1024 
5 14347 300 50 54 8 514 921 
6 7000038 35046 50 54 8 534 898 
7 15614 1829 35 54 8 568 981 
8 7000032 -1 -1 54 8 584 1010 
9 15467 1085 54 54 8 434 991 
10 15405 938 5 54 8 482 955 
11 15607 1499 5 54 8 505 1016 
12 15598 815 50 54 8 525 915 
13 15562 1385 35 54 8 554 1010 
14 15161 213 20 54 8 457 833 
15 2019 1148 58 58 8 404 781 
16 2057 1182 58 58 8 412 797 
17 15560 1379 58 58 8 421 771 
18 15369 792 10 10 8 406 804 
19 7000066 35112 10 10 8 463 718 
20 15423 983 10 10 8 376 761 
21 137 854 55 10 8 498 824 
22 15083 156 10 10 8 390 818 
23 15488 1125 10 10 8 476 661 
24 7000029 35028 10 10 8 436 685 
25 4 846 55 10 8 498 824