8
98
113
116
0 2489 5 135.0 
1 2490 10 111.0 
2 2491 20 87.0 
3 2492 35 75.0 
4 2493 50 75.0 
5 2494 54 70.0 
6 2495 57 90.0 
7 2496 58 90.0 
0 924172 104686 180 57 1380.00 44.00 
1 925215 104704 290 58 810.00 12.00 
2 925730 102740 342 57 420.00 2.50 
3 924713 003390 240 35 810.00 14.00 
4 924715 001460 241 57 660.00 2.00 
5 922157 104686 59 54 1410.00 71.00 
6 925742 103762 347 5 420.00 36.00 
7 923197 000785 108 5 900.00 10.00 
8 922697 104484 82 20 690.00 19.00 
9 924758 104686 63 5 600.00 22.50 
10 924759 104686 244 20 600.00 24.00 
11 925270 103929 297 58 480.00 21.00 
12 922205 104686 60 5 480.00 92.00 
13 925296 102740 300 57 600.00 3.00 
14 924275 104681 189 57 780.00 7.50 
15 921718 103352 49 58 750.00 31.00 
16 925815 001460 357 35 630.00 2.00 
17 922232 010875 62 35 810.00 31.00 
18 925817 104686 358 5 660.00 7.00 
19 922746 070149 84 20 480.00 38.50 
20 924290 104362 190 58 690.00 7.50 
21 922758 104831 85 57 420.00 51.00 
22 924295 023155 191 50 840.00 17.00 
23 924806 102878 246 35 810.00 13.00 
24 925833 103685 363 57 660.00 70.00 
25 926347 100373 470 58 780.00 13.00 
26 923276 103772 115 58 840.00 17.50 
27 924305 000785 193 58 630.00 7.00 
28 920227 103762 12 5 660.00 69.00 
29 925860 100333 366 57 420.00 36.00 
30 921265 002884 40 5 900.00 13.00 
31 924850 001234 251 57 720.00 10.00 
32 925884 100333 373 57 600.00 22.00 
33 923328 104764 119 57 480.00 164.00 
34 923841 002891 155 58 420.00 31.50 
35 925899 COD 376 35 930.00 4.50 
36 923345 104892 121 20 480.00 238.50 
37 922328 070149 64 54 540.00 102.00 
38 925915 104696 383 58 900.00 38.00 
39 924898 104602 252 35 750.00 1.50 
40 925411 COD 305 57 870.00 6.00 
41 921316 000785 41 58 540.00 14.00 
42 924901 104875 253 57 1380.00 45.00 
43 923879 002518 157 35 420.00 17.50 
44 917231 104590 0 54 870.00 39.00 
45 925427 101386 309 57 840.00 15.00 
46 925432 102893 310 57 480.00 31.00 
47 920825 104686 37 5 480.00 68.00 
48 921362 103338 43 54 415.00 185.00 
49 924946 104970 47 54 840.00 44.00 
50 922401 001183 67 5 450.00 2.00 
51 922914 104222 92 57 780.00 83.00 
52 925493 COD 316 58 480.00 6.50 
53 926008 102625 78 54 780.00 38.00 
54 923453 103553 125 5 450.00 11.00 
55 924996 104741 261 5 600.00 35.00 
56 923980 104686 69 35 600.00 5.00 
57 923988 104301 163 35 565.00 11.00 
58 923491 002195 5 58 930.00 25.00 
59 926054 104569 403 57 690.00 1.50 
60 926058 104904 405 58 540.00 68.00 
61 925548 104686 162 35 750.00 26.00 
62 924021 003390 168 20 840.00 27.00 
63 925561 102625 70 58 420.00 47.00 
64 926077 101747 142 57 600.00 2.00 
65 925058 104686 270 35 570.00 33.00 
66 925059 104686 270 35 670.00 40.00 
67 925060 104686 270 35 790.00 19.00 
68 925571 010875 320 35 900.00 5.00 
69 924553 101523 225 58 660.00 32.00 
70 922007 104500 53 20 660.00 29.00 
71 924568 104511 229 35 630.00 10.00 
72 926106 102526 414 5 420.00 17.00 
73 926107 104706 278 5 840.00 4.00 
74 923036 103867 100 5 570.00 30.00 
75 926108 104706 278 5 930.00 9.00 
76 922537 103062 72 20 810.00 2.50 
77 926122 000785 420 54 690.00 35.00 
78 922539 104779 73 20 480.00 24.00 
79 924595 100060 96 20 480.00 2.00 
80 924086 104672 174 5 840.00 14.00 
81 926136 103506 424 57 600.00 5.50 
82 925119 104706 278 5 450.00 39.00 
83 920512 001549 32 20 540.00 9.50 
84 925120 104706 278 5 720.00 48.50 
85 925122 104706 278 5 480.00 49.00 
86 925645 070149 84 54 810.00 31.50 
87 925654 104268 336 57 630.00 15.50 
88 926171 104686 430 20 840.00 4.00 
89 926172 102603 431 35 690.00 2.50 
90 926177 104054 33 57 720.00 27.50 
91 926178 100211 434 58 420.00 33.00 
92 921577 000858 48 50 540.00 72.00 
93 925675 104123 337 58 885.00 3.00 
94 919535 103970 6 58 750.00 26.00 
95 924154 104683 48 50 475.00 178.00 
96 924155 104686 177 20 900.00 30.00 
97 926205 104450 441 35 420.00 1.50 
0 0 30.00 35 30 3 
1 0 14.00 35 30 3 
2 1 12.00 30 60 3 
3 2 2.50 15 15 3 
4 3 14.00 20 30 3 
5 4 2.00 35 45 3 
6 5 71.00 15 16 3 
7 6 36.00 25 25 3 
8 7 10.00 30 45 3 
9 8 19.00 30 45 3 
10 9 22.50 35 24 13.2 
11 10 24.00 30 30 10.55 
12 11 21.00 30 75 3 
13 12 92.00 35 20 12.07 
14 13 3.00 25 45 3 
15 14 7.50 40 45 3 
16 15 31.00 33 42 3 
17 16 2.00 30 45 3 
18 17 31.00 13 20 3 
19 18 1.00 30 30 3 
20 18 6.00 30 30 3 
21 19 38.50 45 20 14.2 
22 20 7.50 33 20 3 
23 21 51.00 25 16 3 
24 22 15.00 35 30 3 
25 22 2.00 35 30 3 
26 23 13.00 35 15 3 
27 24 70.00 30 30 3 
28 25 13.00 8 60 3 
29 26 17.50 22 20 3 
30 27 7.00 35 60 3 
31 28 69.00 30 25 3.53 
32 29 24.00 25 45 3 
33 29 12.00 25 45 3 
34 30 13.00 25 30 3 
35 31 10.00 20 40 3 
36 32 22.00 25 45 3 
37 33 164.00 25 12 3 
38 34 31.50 30 45 3 
39 35 4.50 15 45 3 
40 36 185.50 35 15 10.27 
41 36 53.00 35 15 10.27 
42 37 102.00 20 20 11.0 
43 38 38.00 35 15 3 
44 39 1.50 25 35 3 
45 40 6.00 35 40 3 
46 41 14.00 45 30 3 
47 42 45.00 25 30 3 
48 43 8.00 15 45 3 
49 43 9.50 15 45 3 
50 44 39.00 25 30 3.1 
51 45 15.00 15 15 3 
52 46 31.00 50 30 3 
53 47 68.00 35 45 6.33 
54 48 1.00 15 16 12.1 
55 48 184.00 15 16 12.1 
56 49 44.00 30 30 15.2 
57 50 2.00 40 30 3 
58 51 32.00 35 15 3 
59 51 51.00 35 15 3 
60 52 6.50 30 48 3 
61 53 38.00 30 20 12.5 
62 54 11.00 35 40 6.97 
63 55 31.50 30 25 3 
64 55 3.50 30 25 3 
65 56 5.00 25 60 3 
66 57 10.00 25 60 3 
67 57 1.00 25 60 3 
68 58 25.00 23 16 3 
69 59 1.50 45 45 3 
70 60 68.00 8 35 3 
71 61 26.00 35 15 3 
72 62 27.00 17 60 3 
73 63 40.00 25 20 3 
74 63 7.00 25 20 3 
75 64 2.00 15 35 3 
76 65 33.00 25 20 3 
77 66 40.00 25 20 3 
78 67 19.00 25 20 3 
79 68 5.00 25 30 3 
80 69 32.00 35 40 3 
81 70 12.00 30 30 3 
82 70 17.00 30 30 3 
83 71 10.00 40 25 3 
84 72 17.00 40 30 3 
85 73 4.00 35 30 3 
86 74 30.00 30 45 12.15 
87 75 9.00 35 30 7.37 
88 76 2.50 30 30 3 
89 77 35.00 35 20 2.63 
90 78 24.00 45 50 11.9 
91 79 2.00 40 30 3.3 
92 80 14.00 30 30 7.17 
93 81 5.50 50 30 3 
94 82 39.00 40 15 6.37 
95 83 9.50 30 20 3 
96 84 48.50 35 15 5.93 
97 85 49.00 40 60 4.4 
98 86 21.00 25 30 3 
99 86 10.50 25 30 3 
100 87 15.50 30 15 3 
101 88 4.00 25 60 3 
102 89 2.50 15 30 3 
103 90 16.50 30 15 3 
104 90 11.00 30 15 3 
105 91 33.00 40 15 3 
106 92 72.00 31 20 3 
107 93 3.00 30 75 3 
108 94 26.00 35 15 3 
109 95 177.00 35 12 3 
110 95 1.00 35 12 3 
111 96 30.00 25 45 3 
112 97 1.50 35 20 3 
0 15083 156 10 54 8 458 994 
1 15143 201 20 54 8 444 994 
2 15070 150 20 54 8 417 1030 
3 15507 1261 54 54 8 406 1101 
4 7000059 35091 54 54 8 425 1115 
5 15560 1379 58 58 8 438 1017 
6 7000013 1849 58 58 12 448 1100 
7 15436 1007 5 5 8 484 1002 
8 7000066 35112 10 5 8 560 1152 
9 14411 123 5 5 12 375 966 
10 15246 375 5 5 12 414 992 
11 15405 938 5 5 8 506 1054 
12 15431 995 20 20 8 501 1064 
13 15451 1052 20 20 8 517 1092 
14 15223 276 5 5 8 432 1062 
15 15555 -1 -1 5 8 498 1052 
16 15459 1067 10 5 8 524 1002 
17 15213 270 5 5 8 424 1003 
18 15228 279 5 5 8 439 936 
19 15515 1283 5 5 8 491 1044 
20 15110 180 5 5 8 398 1018 
21 15138 195 5 5 8 407 1079 
22 2023 1164 58 58 8 384 1044 
23 15102 -1 -1 54 8 395 1177 
24 15467 1085 54 54 8 406 953 
25 7000062 35106 54 54 8 450 1116 
26 15103 171 10 54 8 496 754 
27 15277 570 10 54 8 527 1214 
28 15446 1031 10 54 8 530 1040 
29 7000029 35028 10 54 8 542 1025 
30 15398 912 54 54 8 540 1111 
31 15173 228 10 54 8 510 1080 
32 15582 1442 57 57 8 499 126 
33 15588 1457 57 57 8 522 112 
34 15566 1255 57 57 8 441 998 
35 2149 1221 57 57 8 585 92 
36 15535 1251 57 57 8 403 1040 
37 15476 -1 -1 50 8 444 1029 
38 15615 818 50 50 8 480 1027 
39 7000038 35046 50 50 8 513 1062 
40 14347 300 50 50 8 427 946 
41 7000054 -1 -1 58 8 444 1004 
42 2047 1173 58 58 8 408 932 
43 7000067 -1 -1 58 12 466 1009 
44 15377 813 5 20 12 634 946 
45 15611 1817 20 20 8 542 960 
46 7000063 35103 20 54 8 7 179 
47 15162 216 5 54 8 27 1427 
48 7000030 35031 5 54 8 38 0 
49 7000031 35037 20 54 8 60 19 
50 7000052 35076 20 54 8 76 37 
51 15432 998 5 5 8 475 1018 
52 15559 1370 5 5 8 520 1104 
53 10124 126 5 5 12 405 971 
54 15401 926 5 5 8 447 1043 
55 15150 342 35 35 8 373 985 
56 7000041 -1 -1 35 8 584 978 
57 7000032 -1 -1 35 8 578 966 
58 14417 117 20 20 8 419 992 
59 15358 762 20 20 8 480 1056 
60 15243 363 20 20 8 468 1187 
61 15176 231 20 20 8 468 978 
62 15161 213 20 20 8 441 1140 
63 15488 1125 10 20 8 574 1067 
64 15409 944 20 20 8 491 1020 
65 2158 1168 57 57 8 380 914 
66 15550 1254 57 57 8 417 1021 
67 15392 892 35 35 8 441 964 
68 15408 941 35 35 8 457 964 
69 2001 1152 57 57 12 390 939 
70 15606 1496 57 57 12 423 994 
71 2006 1147 58 58 8 369 1079 
72 2026 1165 58 58 12 397 1004 
73 15605 1497 57 57 8 455 57 
74 15612 1823 57 57 8 458 870 
75 15421 -1 -1 57 8 468 949 
76 7000008 1841 57 57 12 461 958 
77 7000042 35055 20 20 12 431 1022 
78 15245 372 20 20 8 474 1046 
79 15516 1286 20 20 8 517 1014 
80 15369 792 10 20 8 542 787 
81 15415 965 5 20 8 549 994 
82 15486 1116 10 20 8 561 968 
83 15346 733 5 20 12 573 980 
84 15107 177 20 20 8 443 1016 
85 15423 983 10 20 8 548 1065 
86 15422 980 5 5 8 461 1070 
87 2057 1182 58 58 8 420 1038 
88 2019 1148 58 58 8 379 969 
89 2040 1170 58 58 8 402 1017 
90 15343 725 35 35 8 391 982 
91 15217 841 35 35 8 426 990 
92 15414 962 35 35 8 516 929 
93 15562 1385 35 35 8 568 921 
94 15457 1061 35 35 8 527 893 
95 7000018 -1 -1 50 8 500 951 
96 14340 291 50 50 8 425 976 
97 15450 779 50 50 8 433 1026 
98 15479 811 50 50 8 464 886 
99 15598 815 50 50 8 466 953 
100 7000011 1885 50 50 8 535 940 
101 2072 1301 58 58 8 425 946 
102 2068 1289 58 58 12 433 933 
103 15614 1829 35 35 8 570 1084 
104 15568 1256 57 57 8 431 32 
105 15151 207 5 5 8 421 967 
106 15547 1355 35 35 8 550 1012 
107 15438 1013 5 5 8 485 1030 
108 15578 1427 35 35 8 559 913 
109 15607 1499 5 5 8 517 1072 
110 15521 1310 5 5 8 536 1072 
111 15558 1364 10 5 8 554 1155 
112 15347 734 5 5 8 446 988 
113 15428 992 5 5 8 469 1024 
114 2118 1203 57 57 8 394 979 
115 2167 1235 57 57 8 605 914