8
108
126
119
0 2489 5 135.0 
1 2490 10 111.0 
2 2491 20 87.0 
3 2492 35 75.0 
4 2493 50 75.0 
5 2494 54 70.0 
6 2495 57 90.0 
7 2496 58 90.0 
0 936966 000857 2362 54 960.00 18.00 
1 936457 104312 2303 57 720.00 1.50 
2 933898 104500 501 54 595.00 83.00 
3 934929 100373 943 58 780.00 3.00 
4 932882 100692 343 50 480.00 82.00 
5 936984 104503 2364 35 450.00 12.50 
6 936986 104503 2365 35 750.00 29.00 
7 936477 010875 320 35 540.00 4.00 
8 933925 103867 1895 54 660.00 2.00 
9 936487 003390 2305 35 600.00 1.50 
10 934954 104686 55 5 600.00 6.00 
11 932395 104686 59 20 480.00 122.00 
12 935470 102625 153 57 510.00 71.50 
13 937006 104503 2368 35 450.00 8.00 
14 935483 100878 122 5 810.00 10.50 
15 935484 001460 2158 57 420.00 19.00 
16 936513 002917 1256 58 780.00 14.00 
17 936519 104905 2308 57 450.00 8.00 
18 934987 102309 2079 35 450.00 14.50 
19 936524 COD 1037 35 570.00 10.00 
20 932432 104474 1619 58 420.00 7.00 
21 934480 104834 87 57 480.00 346.50 
22 937044 103260 2376 35 570.00 13.00 
23 934486 100009 1101 54 810.00 9.50 
24 933997 104815 94 5 420.00 220.00 
25 935534 104686 643 54 450.00 101.00 
26 933494 104764 573 57 810.00 4.00 
27 935543 002695 1155 20 420.00 19.00 
28 935033 103352 690 10 780.00 5.00 
29 937083 103762 2380 5 645.00 4.00 
30 936573 102456 1540 50 540.00 30.00 
31 931966 015721 1510 35 420.00 13.00 
32 935550 036960 805 50 420.00 30.50 
33 936064 101685 2234 35 780.00 10.00 
34 937089 100211 2381 58 690.00 6.50 
35 936580 103762 1660 5 690.00 6.00 
36 937094 000785 1611 5 645.00 3.00 
37 935562 104649 600 58 450.00 103.00 
38 936603 104490 2318 35 900.00 25.00 
39 936606 000469 2319 35 750.00 5.00 
40 933536 000241 766 10 750.00 75.00 
41 937120 003390 2384 50 600.00 7.50 
42 935587 002453 2170 35 540.00 10.00 
43 936099 104841 2239 58 660.00 1.00 
44 937133 101727 2385 35 690.00 5.50 
45 936112 010875 320 35 450.00 8.00 
46 929457 003390 170 20 870.00 22.50 
47 933565 070149 273 35 600.00 47.00 
48 925374 104706 278 5 660.00 26.00 
49 933576 103553 1818 10 600.00 4.50 
50 935115 104970 47 54 810.00 19.50 
51 936148 104804 2248 35 660.00 23.50 
52 936152 100878 847 54 840.00 10.50 
53 934111 104118 517 58 450.00 15.00 
54 934625 100229 2019 57 840.00 16.00 
55 936161 000785 1133 5 870.00 9.00 
56 936162 104686 1622 54 960.00 3.00 
57 936170 104683 88 57 630.00 40.00 
58 935149 000785 1199 5 900.00 3.00 
59 936179 104054 33 35 600.00 5.00 
60 935159 104842 105 58 600.00 63.50 
61 936189 103861 2254 58 420.00 25.00 
62 934149 002658 1930 50 840.00 11.50 
63 936198 102929 2255 57 420.00 12.00 
64 936199 102929 1801 57 570.00 21.50 
65 936709 104003 2336 5 690.00 6.00 
66 933153 104892 118 54 750.00 20.50 
67 934195 001460 1551 54 690.00 11.50 
68 935734 104686 2186 20 480.00 65.50 
69 932663 104686 1662 5 480.00 17.50 
70 936761 102456 2341 57 810.00 11.00 
71 935758 104510 2190 35 420.00 29.50 
72 932690 101951 128 57 415.00 37.00 
73 936278 104686 1622 54 810.00 45.00 
74 934748 000858 1784 50 795.00 12.00 
75 932704 000785 1358 5 900.00 7.00 
76 936288 104638 2270 35 870.00 12.00 
77 935779 070149 84 20 420.00 7.00 
78 934245 102526 1952 5 510.00 24.00 
79 936809 104686 179 20 900.00 3.00 
80 931180 104054 224 10 480.00 246.00 
81 936301 001234 2273 57 600.00 10.00 
82 934259 104401 438 5 660.00 96.00 
83 936307 104741 261 10 900.00 7.00 
84 933763 104672 1858 10 450.00 67.00 
85 935302 000785 2122 54 690.00 2.50 
86 933258 104649 600 10 450.00 89.00 
87 933770 104778 57 5 750.00 47.50 
88 935307 000785 2122 54 825.00 14.00 
89 933263 104649 600 58 460.00 81.00 
90 935840 003390 2203 57 510.00 1.00 
91 933795 103359 1867 58 480.00 17.00 
92 935339 001234 2130 57 660.00 5.00 
93 932787 000785 1148 10 870.00 10.50 
94 936371 104268 2286 50 780.00 14.00 
95 934842 104844 1590 10 480.00 48.00 
96 927681 104706 278 54 540.00 28.00 
97 936901 104831 85 35 810.00 63.50 
98 935894 100060 96 54 900.00 8.00 
99 936409 104831 86 57 540.00 30.00 
100 934880 003483 146 54 445.00 134.00 
101 936423 000469 2298 35 870.00 6.00 
102 935407 104830 681 10 840.00 9.00 
103 936945 103062 2357 54 720.00 4.00 
104 936946 100740 2358 50 840.00 1.00 
105 925173 104706 278 5 450.00 40.00 
106 936441 002988 2302 35 420.00 17.50 
107 935931 102625 70 5 420.00 6.00 
0 0 18.00 5 10 3 
1 1 1.50 35 30 3 
2 2 78.50 35 22 10.1 
3 2 1.00 35 22 10.1 
4 2 3.50 35 22 10.1 
5 3 3.00 12 20 3 
6 4 82.00 15 30 3 
7 5 6.50 15 25 3 
8 5 6.00 15 25 3 
9 6 29.00 30 15 3 
10 7 4.00 20 35 3 
11 8 2.00 30 60 3 
12 9 1.50 32 35 3 
13 10 6.00 40 90 3 
14 11 122.00 40 15 12.93 
15 12 71.50 30 20 3 
16 13 8.00 30 45 3 
17 14 10.50 15 45 3 
18 15 19.00 20 40 3 
19 16 14.00 25 30 3 
20 17 8.00 50 45 3 
21 18 12.00 25 40 3 
22 18 2.50 25 40 3 
23 19 10.00 30 45 3 
24 20 7.00 35 60 3 
25 21 254.50 35 12 3 
26 21 92.00 35 12 3 
27 22 13.00 40 60 3 
28 23 5.00 12 20 3 
29 23 4.50 12 20 3 
30 24 220.00 35 16 12.23 
31 25 101.00 15 13 9.47 
32 26 4.00 25 60 3 
33 27 19.00 35 30 3 
34 28 5.00 30 60 4.7 
35 29 4.00 35 60 3 
36 30 2.00 32 20 3 
37 30 28.00 32 20 3 
38 31 13.00 15 45 3 
39 32 15.50 25 30 3 
40 32 15.00 25 30 3 
41 33 10.00 25 15 3 
42 34 6.50 30 30 3 
43 35 6.00 36 60 3 
44 36 3.00 35 60 3 
45 37 103.00 30 35 3 
46 38 25.00 25 15 3 
47 39 5.00 35 20 3 
48 40 75.00 20 20 7.6 
49 41 7.50 34 20 3 
50 42 10.00 28 45 3 
51 43 1.00 40 45 3 
52 44 5.50 35 30 3 
53 45 8.00 22 30 3 
54 46 22.50 17 30 3 
55 47 47.00 28 30 3 
56 48 26.00 35 15 9.23 
57 49 4.50 35 60 3 
58 50 19.50 30 45 2.93 
59 51 23.50 25 20 3 
60 52 10.50 30 24 31.8 
61 53 10.00 25 45 3 
62 53 5.00 25 45 3 
63 54 16.00 20 30 3 
64 55 9.00 30 60 3 
65 56 3.00 15 60 6.92 
66 57 40.00 35 20 3 
67 58 3.00 30 60 3 
68 59 5.00 40 45 3 
69 60 63.50 22 40 3 
70 61 25.00 26 20 3 
71 62 11.50 37 15 3 
72 63 7.00 20 30 3 
73 63 5.00 20 30 3 
74 64 11.00 31 45 3 
75 64 10.50 31 45 3 
76 65 6.00 30 60 3 
77 66 13.00 25 30 10.5 
78 66 7.50 25 30 10.5 
79 67 11.50 25 30 3 
80 68 65.50 20 30 11.3 
81 69 17.50 40 45 13.2 
82 70 11.00 20 30 3 
83 71 29.50 15 17 3 
84 72 36.00 25 60 3 
85 72 1.00 25 60 3 
86 73 45.00 15 20 9.63 
87 74 12.00 35 30 3 
88 75 7.00 25 60 3 
89 76 12.00 35 45 3 
90 77 7.00 35 60 3 
91 78 24.00 35 20 1.93 
92 79 3.00 25 60 1.17 
93 80 246.00 40 16 50.73 
94 81 10.00 35 60 3 
95 82 96.00 25 20 4.8 
96 83 7.00 30 30 3 
97 84 67.00 25 20 1.93 
98 85 2.50 15 60 3 
99 86 89.00 35 35 9.85 
100 87 47.50 15 24 3 
101 88 14.00 15 60 3.13 
102 89 81.00 25 35 3 
103 90 1.00 20 35 3 
104 91 14.00 50 45 3 
105 91 3.00 50 45 3 
106 92 5.00 35 30 3 
107 93 10.50 30 60 2.53 
108 94 14.00 35 15 3 
109 95 48.00 35 20 6.17 
110 96 28.00 40 30 12.5 
111 97 63.50 30 20 3 
112 98 8.00 25 60 3 
113 99 30.00 10 20 3 
114 100 1.00 20 16 8.33 
115 100 35.00 20 16 8.33 
116 100 10.00 20 16 8.33 
117 100 88.00 20 16 8.33 
118 101 6.00 25 25 3 
119 102 5.50 35 20 3 
120 102 3.50 35 20 3 
121 103 4.00 15 60 6.65 
122 104 1.00 35 45 3 
123 105 40.00 40 15 8.37 
124 106 17.50 15 35 3 
125 107 6.00 15 60 3 
0 15151 207 5 5 8 399 936 
1 15213 270 5 5 8 422 869 
2 15274 561 5 5 8 459 1006 
3 15223 276 5 5 8 475 935 
4 15405 938 5 5 8 476 988 
5 15162 216 5 5 8 516 886 
6 15515 1283 5 5 8 475 920 
7 15017 -1 -1 5 8 437 870 
8 10228 54 5 5 8 503 940 
9 15173 228 10 54 8 498 921 
10 15398 912 54 54 8 458 928 
11 15369 792 10 54 8 499 996 
12 15542 1346 5 54 8 606 1031 
13 15176 231 20 20 8 409 913 
14 7000056 -1 -1 57 8 476 1190 
15 15566 1255 57 57 8 396 1072 
16 15112 183 10 10 8 428 979 
17 15488 1125 10 10 8 499 1012 
18 7000065 35109 10 10 8 471 923 
19 15076 246 10 10 12 572 914 
20 7000026 35022 10 10 8 474 867 
21 15383 834 20 10 12 535 1023 
22 15150 342 35 35 8 394 919 
23 7000041 -1 -1 35 8 437 1001 
24 15451 1052 20 20 8 426 1033 
25 15516 1286 20 20 8 455 1020 
26 15611 1817 20 20 8 463 970 
27 15409 944 20 20 8 486 952 
28 15245 372 20 20 8 532 900 
29 15143 201 20 20 8 393 965 
30 15070 150 20 20 8 376 911 
31 7000042 35055 20 20 12 501 1006 
32 15107 177 20 20 8 376 966 
33 7000063 35103 20 20 8 458 1042 
34 2023 1164 58 58 8 381 867 
35 15305 625 5 5 8 537 978 
36 2158 1168 57 57 8 380 901 
37 2149 1221 57 57 8 396 962 
38 15588 1457 57 57 8 441 1015 
39 15535 1251 57 57 8 396 969 
40 15421 -1 -1 57 8 456 1190 
41 7000066 35112 10 10 8 477 1072 
42 15598 815 50 50 8 457 1098 
43 15615 818 50 50 8 477 1059 
44 14347 300 50 50 8 577 1146 
45 15479 811 50 50 8 439 934 
46 7000011 1885 50 50 8 495 1003 
47 7000018 -1 -1 50 8 539 991 
48 7000045 -1 -1 50 8 562 982 
49 7000069 35115 20 54 8 507 1133 
50 15555 -1 -1 54 8 567 1155 
51 7000062 35106 54 54 8 465 1095 
52 15446 1031 10 10 8 447 1063 
53 7000029 35028 10 10 8 471 1101 
54 2026 1165 58 58 12 433 910 
55 2072 1301 58 58 8 461 876 
56 15560 1379 58 58 8 405 852 
57 2022 1161 58 58 8 422 956 
58 2006 1147 58 58 8 409 955 
59 2040 1170 58 58 8 438 937 
60 15083 156 10 10 8 417 810 
61 15377 813 5 5 12 614 1037 
62 15614 1829 35 35 8 441 1034 
63 7000032 -1 -1 35 8 449 1007 
64 15577 1424 35 35 8 437 1001 
65 15539 1343 35 35 8 410 954 
66 15217 841 35 35 8 394 948 
67 15423 983 10 10 8 444 735 
68 15346 733 5 5 12 539 922 
69 2057 1182 58 58 8 502 876 
70 15358 762 20 20 8 552 1012 
71 15460 1070 20 20 8 447 1095 
72 15243 363 20 20 8 408 981 
73 15431 995 20 20 8 412 965 
74 15161 213 20 20 8 531 867 
75 7000052 35076 20 20 8 455 955 
76 15467 1085 54 54 8 442 1119 
77 14411 123 5 5 12 376 855 
78 10124 126 5 5 12 409 852 
79 15246 375 5 5 12 449 911 
80 15376 810 5 5 12 476 921 
81 15607 1499 5 5 8 507 1077 
82 15438 1013 5 5 8 507 796 
83 2019 1148 58 58 8 415 949 
84 2068 1289 58 58 12 396 851 
85 15428 992 5 54 8 661 1061 
86 15436 1007 5 54 8 531 993 
87 15559 1370 5 5 8 560 1061 
88 15110 180 5 5 8 394 852 
89 15277 570 10 10 8 437 737 
90 15580 -1 -1 5 8 608 1055 
91 2001 1152 57 57 12 445 1043 
92 15605 1497 57 57 8 456 1190 
93 2120 1206 57 57 12 460 975 
94 15526 1246 57 57 12 475 1046 
95 15606 1496 57 57 12 485 1082 
96 7000008 1841 57 57 12 499 1190 
97 14340 291 50 50 8 384 948 
98 7000038 35046 50 50 8 547 1014 
99 15568 1256 57 57 8 414 1038 
100 15582 1442 57 57 8 441 1126 
101 15476 -1 -1 50 8 568 976 
102 15062 144 10 54 8 485 929 
103 15521 1310 5 54 8 551 1081 
104 15401 926 5 54 8 567 1010 
105 7000053 35082 5 54 8 567 1107 
106 15562 1385 35 35 8 415 979 
107 15392 892 35 35 8 451 924 
108 700013 -1 -1 58 12 490 936 
109 15432 998 5 54 8 528 1070 
110 15228 279 5 54 8 551 653 
111 15450 779 50 50 8 410 853 
112 2047 1173 58 58 8 445 964 
113 14417 117 20 20 8 489 727 
114 15578 1427 35 35 8 437 1039 
115 15343 725 35 35 8 449 974 
116 15408 941 35 35 8 396 946 
117 15414 962 35 35 8 458 1030 
118 15553 1358 35 35 8 414 963