8
63
70
94
0 2489 5 135.0 
1 2490 10 111.0 
2 2491 20 87.0 
3 2492 35 75.0 
4 2493 50 75.0 
5 2494 54 70.0 
6 2495 57 90.0 
7 2496 58 90.0 
0 934272 102735 1953 35 780.00 12.00 
1 934401 104909 1978 35 720.00 3.50 
2 934275 001234 1955 57 690.00 5.50 
3 934277 002859 1956 58 780.00 2.00 
4 933515 102929 1801 20 840.00 38.50 
5 934672 COD 2023 50 930.00 5.00 
6 933777 104490 1862 35 660.00 10.50 
7 934417 103820 1980 5 630.00 22.00 
8 932627 103289 1242 35 420.00 71.00 
9 934036 104199 1913 58 720.00 3.00 
10 934423 104834 87 50 660.00 52.00 
11 934552 103861 2006 5 930.00 6.00 
12 932136 104054 33 57 480.00 226.50 
13 932012 101012 1519 5 690.00 24.00 
14 934317 023020 1967 57 720.00 1.00 
15 934445 102676 1809 10 420.00 12.00 
16 934320 100722 1968 10 420.00 11.00 
17 931377 001234 1395 5 480.00 18.50 
18 934705 001460 1551 20 900.00 7.00 
19 933428 104686 1788 35 780.00 13.50 
20 934197 001460 1940 20 600.00 26.00 
21 933053 002884 1732 5 870.00 2.00 
22 934333 104714 1970 5 450.00 19.00 
23 933567 COD 1811 57 420.00 40.00 
24 932289 104320 1584 10 420.00 8.00 
25 933574 101727 1817 35 480.00 35.00 
26 933702 103867 1846 20 660.00 78.50 
27 924616 104269 235 5 745.00 39.50 
28 934086 103861 1920 5 600.00 30.00 
29 933578 COD 1820 57 810.00 5.00 
30 930507 104649 600 58 450.00 82.00 
31 933452 104284 1791 57 540.00 13.50 
32 934346 101820 1973 35 600.00 7.00 
33 930510 104649 600 10 450.00 91.00 
34 934477 101247 1989 50 900.00 1.50 
35 934608 COD 2010 35 450.00 2.00 
36 933841 104312 1792 57 870.00 3.00 
37 934731 COD 2036 35 915.00 4.00 
38 933971 101685 1903 57 420.00 40.00 
39 934484 000785 1133 5 900.00 8.00 
40 934612 COD 2013 57 750.00 12.50 
41 932950 104622 1714 20 450.00 3.50 
42 934103 104686 1586 5 420.00 90.00 
43 934614 001234 2014 35 600.00 7.50 
44 934615 103919 2015 57 810.00 10.50 
45 934491 103754 1993 50 540.00 3.50 
46 931550 104754 1429 5 540.00 22.00 
47 930403 104500 501 20 475.00 160.00 
48 933861 104557 1883 35 450.00 11.50 
49 933479 002377 1795 58 420.00 10.00 
50 934120 101843 1475 10 480.00 136.00 
51 932969 102964 1717 58 405.00 5.00 
52 933866 104442 1885 35 480.00 12.00 
53 933993 103506 1906 57 840.00 16.00 
54 932974 104153 1718 57 450.00 4.50 
55 934510 001971 1995 57 720.00 5.00 
56 933616 103723 1832 50 870.00 40.00 
57 932977 002518 1720 35 810.00 45.50 
58 934136 103062 1929 20 480.00 24.00 
59 934395 000785 1977 35 900.00 1.00 
60 934396 000785 1977 35 930.00 2.00 
61 933630 101685 1833 35 660.00 25.00 
62 928767 101042 927 5 870.00 20.00 
0 0 12.00 25 15 3 
1 1 3.50 35 30 3 
2 2 5.50 30 60 3 
3 3 2.00 40 60 3 
4 4 38.50 30 15 6.63 
5 5 5.00 20 45 3 
6 6 10.50 35 15 3 
7 7 22.00 30 30 3 
8 8 71.00 12 30 3 
9 9 3.00 35 60 3 
10 10 52.00 40 25 3 
11 11 6.00 35 60 3 
12 12 226.50 35 12 3 
13 13 24.00 15 20 6.1 
14 14 1.00 35 30 3 
15 15 12.00 35 20 8.63 
16 16 11.00 15 45 10.43 
17 17 18.50 10 90 3 
18 18 7.00 25 60 2.87 
19 19 13.50 35 32 3 
20 20 26.00 35 40 10.8 
21 21 2.00 20 30 3 
22 22 19.00 40 30 3 
23 23 40.00 45 20 3 
24 24 8.00 20 20 3 
25 25 35.00 35 20 3 
26 26 78.50 15 20 11.33 
27 27 1.50 40 30 9.1 
28 27 38.00 40 30 9.1 
29 28 30.00 20 20 2.17 
30 29 5.00 25 25 3 
31 30 82.00 25 35 3 
32 31 13.50 45 15 3 
33 32 7.00 40 41 3 
34 33 91.00 35 35 11.43 
35 34 1.50 35 35 3 
36 35 2.00 40 45 3 
37 36 3.00 35 45 3 
38 37 4.00 30 35 3 
39 38 40.00 35 25 3 
40 39 8.00 37 60 8.43 
41 40 12.50 35 45 3 
42 41 3.50 30 42 4.93 
43 42 90.00 30 30 14.9 
44 43 7.50 25 45 3 
45 44 7.00 45 30 3 
46 44 3.50 45 30 3 
47 45 3.50 25 30 3 
48 46 16.00 35 30 3 
49 46 6.00 35 30 3 
50 47 137.00 30 16 14.32 
51 47 22.00 30 16 14.32 
52 47 1.00 30 16 14.32 
53 48 8.00 15 40 3 
54 48 3.50 15 40 3 
55 49 10.00 35 75 3 
56 50 128.00 25 15 16.23 
57 50 8.00 25 15 16.23 
58 51 5.00 20 60 3 
59 52 12.00 25 30 3 
60 53 16.00 45 30 3 
61 54 4.50 50 30 3 
62 55 5.00 25 26 3 
63 56 40.00 35 30 3 
64 57 45.50 7 15 3 
65 58 24.00 30 30 3 
66 59 1.00 30 30 3 
67 60 2.00 30 30 3 
68 61 25.00 30 15 3 
69 62 20.00 35 20 3 
0 15516 1286 20 20 8 548 966 
1 15611 1817 20 20 8 540 981 
2 15213 270 5 5 8 506 900 
3 15151 207 5 5 8 492 941 
4 15347 734 5 5 8 560 900 
5 15228 279 5 5 8 508 924 
6 15377 813 5 5 12 594 994 
7 15521 1310 5 5 8 657 1008 
8 15143 201 20 20 8 417 829 
9 15161 213 20 20 8 422 934 
10 15243 363 20 20 8 449 881 
11 15245 372 20 20 8 468 919 
12 7000042 35055 20 20 12 482 909 
13 15431 995 20 20 8 516 937 
14 15460 1070 20 20 8 530 993 
15 15176 231 20 20 8 428 751 
16 15451 1052 20 20 8 592 1027 
17 14417 117 20 20 8 401 876 
18 15358 762 20 20 8 476 1025 
19 7000069 35115 20 20 8 736 880 
20 7000031 35037 20 20 8 606 889 
21 2022 1161 58 58 8 422 798 
22 2040 1170 58 58 8 458 922 
23 15560 1379 58 58 8 495 797 
24 2019 1148 58 58 8 377 896 
25 7000013 1849 58 58 12 599 990 
26 7000054 -1 -1 58 8 618 747 
27 2068 1289 58 58 12 410 856 
28 15173 228 10 10 8 407 828 
29 15446 1031 10 10 8 441 810 
30 7000029 35028 10 10 8 476 706 
31 15488 1125 10 10 8 462 749 
32 15112 183 10 10 8 397 1014 
33 15103 171 10 10 8 390 774 
34 15486 1116 10 10 8 452 807 
35 7000026 35022 10 10 8 483 924 
36 15083 156 10 10 8 399 947 
37 15110 180 5 5 8 462 786 
38 15438 1013 5 5 8 615 901 
39 15274 561 5 5 8 518 702 
40 15401 926 5 5 8 545 777 
41 15542 1346 5 5 8 672 1010 
42 15566 1255 57 57 8 432 931 
43 15582 1442 57 57 8 444 1049 
44 15588 1457 57 57 8 461 1013 
45 15605 1497 57 57 8 479 1026 
46 7000008 1841 57 57 12 485 926 
47 7000056 -1 -1 57 8 500 843 
48 15526 1246 57 57 12 402 811 
49 2158 1168 57 57 8 367 913 
50 2149 1221 57 57 8 383 926 
51 15568 1256 57 57 8 449 872 
52 2120 1206 57 57 12 380 843 
53 2167 1235 57 57 8 388 883 
54 15550 1254 57 57 8 429 791 
55 15150 342 35 35 8 394 654 
56 15408 941 35 35 8 438 942 
57 15553 1358 35 35 8 477 873 
58 7000032 -1 -1 35 8 499 982 
59 7000041 -1 -1 35 8 517 977 
60 15217 841 35 35 8 414 685 
61 15414 962 35 35 8 444 849 
62 15562 1385 35 35 8 477 882 
63 15539 1343 35 35 8 456 901 
64 15578 1427 35 35 8 491 913 
65 15515 1283 5 5 8 640 953 
66 15343 725 35 35 8 397 912 
67 15612 1823 57 57 8 479 958 
68 15421 -1 -1 57 8 495 951 
69 15535 1251 57 57 8 410 819 
70 15392 892 35 35 8 432 1024 
71 15457 1061 35 35 8 453 849 
72 7000011 1885 50 50 8 813 1048 
73 15450 779 50 50 8 645 956 
74 14347 300 50 50 8 620 999 
75 15383 834 20 20 12 518 868 
76 7000063 35103 20 20 8 735 1014 
77 15422 980 5 5 8 574 831 
78 15436 1007 5 5 8 606 962 
79 10228 54 5 5 8 404 908 
80 15138 195 5 5 8 436 954 
81 15223 276 5 5 8 475 1020 
82 15305 625 5 5 8 516 1083 
83 15432 998 5 5 8 604 757 
84 7000065 35109 10 10 8 495 715 
85 15277 570 10 10 8 439 798 
86 15062 144 10 10 8 371 712 
87 10124 126 5 5 12 401 764 
88 15017 -1 -1 5 8 446 653 
89 15476 -1 -1 50 8 672 997 
90 15479 811 50 50 8 688 887 
91 15598 815 50 50 8 723 1013 
92 15615 818 50 50 8 742 962 
93 14340 291 50 50 8 508 963