8
113
135
123
0 2489 5 135.0 
1 2490 10 111.0 
2 2491 20 87.0 
3 2492 35 75.0 
4 2493 50 75.0 
5 2494 54 70.0 
6 2495 57 90.0 
7 2496 58 90.0 
0 927241 002917 646 5 870.00 8.00 
1 924178 103867 182 5 480.00 8.00 
2 924182 100211 184 50 420.00 7.50 
3 922141 104778 57 5 750.00 42.00 
4 925729 104686 97 54 540.00 84.00 
5 922667 104269 79 20 475.00 106.50 
6 924204 579998 185 57 420.00 32.00 
7 926251 000785 420 10 870.00 11.00 
8 923695 001183 138 5 450.00 26.00 
9 925748 102625 78 10 415.00 261.00 
10 924213 104683 88 50 415.00 161.00 
11 925754 104741 71 5 630.00 6.00 
12 926779 101012 548 5 960.00 4.50 
13 922691 102219 81 20 840.00 5.00 
14 922180 002793 1 58 510.00 297.50 
15 925252 104524 263 58 420.00 72.00 
16 923210 101501 111 5 480.00 8.00 
17 922703 104484 82 54 750.00 31.00 
18 926805 104490 549 57 540.00 14.50 
19 926297 104442 454 5 660.00 4.50 
20 924254 104686 187 5 420.00 15.00 
21 926817 103919 550 57 840.00 13.00 
22 924774 104054 158 58 420.00 14.00 
23 926828 100692 343 50 900.00 4.50 
24 924788 000785 245 54 900.00 3.00 
25 927355 000469 664 35 930.00 2.00 
26 922750 070149 84 54 420.00 38.00 
27 927362 104875 667 57 1290.00 6.00 
28 926342 000785 280 5 585.00 14.00 
29 924296 023155 191 20 930.00 4.00 
30 926857 102740 560 35 480.00 5.50 
31 924298 104764 192 57 480.00 303.00 
32 927374 104241 671 35 900.00 14.00 
33 926863 102740 561 57 840.00 6.00 
34 926865 104908 562 35 540.00 2.00 
35 927378 COD 672 57 960.00 3.00 
36 925333 104706 278 5 690.00 19.50 
37 925845 104153 365 35 450.00 5.50 
38 926357 000785 473 5 870.00 14.00 
39 926870 002988 564 57 690.00 8.00 
40 926872 001460 565 57 420.00 5.00 
41 926881 103602 566 35 540.00 5.00 
42 926371 103723 480 50 840.00 3.50 
43 927395 104686 676 54 1020.00 3.00 
44 920231 103762 16 5 420.00 176.00 
45 926888 103987 568 58 990.00 12.50 
46 926892 104892 118 20 600.00 3.00 
47 926893 001215 569 5 900.00 3.50 
48 924346 000785 207 5 840.00 5.00 
49 925892 104830 99 54 810.00 19.00 
50 925894 100637 375 50 810.00 14.00 
51 923853 070149 64 20 780.00 6.00 
52 926414 003390 483 10 840.00 12.00 
53 925402 COD 303 57 600.00 1.50 
54 925406 104327 304 50 780.00 52.00 
55 925918 000858 382 50 750.00 45.00 
56 925919 104097 384 58 870.00 5.00 
57 925413 104706 278 5 480.00 64.00 
58 923370 100878 122 10 420.00 312.00 
59 926968 104557 588 35 450.00 3.00 
60 926974 100459 589 35 570.00 8.00 
61 923902 102368 160 5 420.00 6.50 
62 924416 104655 214 5 480.00 12.00 
63 925441 104838 312 58 600.00 14.00 
64 920831 104686 37 5 480.00 54.00 
65 925443 104686 68 35 780.00 12.00 
66 926986 023020 590 35 420.00 9.00 
67 926988 104490 591 35 780.00 2.00 
68 922381 003522 65 54 750.00 21.50 
69 925453 103379 313 58 420.00 17.50 
70 926996 104706 278 5 915.00 13.00 
71 923951 001938 161 5 480.00 9.00 
72 927024 103919 595 35 570.00 7.00 
73 926001 104835 396 35 780.00 15.00 
74 927043 104447 601 35 600.00 5.00 
75 926020 104884 398 58 480.00 19.50 
76 927044 COD 602 57 660.00 2.50 
77 927054 102651 605 10 780.00 3.00 
78 927056 100564 606 35 690.00 5.00 
79 927057 002917 607 10 420.00 8.00 
80 927060 104490 608 35 930.00 5.00 
81 923989 104686 56 35 420.00 20.50 
82 927065 104490 609 35 900.00 7.00 
83 925022 103556 264 10 420.00 16.00 
84 926559 102603 514 35 780.00 1.00 
85 924512 104557 220 35 450.00 50.00 
86 925537 104222 92 57 840.00 78.50 
87 922985 100060 96 20 480.00 53.00 
88 926570 102895 515 57 420.00 6.00 
89 927085 000785 616 5 420.00 7.00 
90 925552 104686 63 5 600.00 38.00 
91 925555 104686 140 5 480.00 8.00 
92 927095 COD 618 57 420.00 8.00 
93 924024 003390 169 20 870.00 22.50 
94 926598 003483 146 54 475.00 117.50 
95 925585 104256 325 58 570.00 151.00 
96 924570 002884 230 5 660.00 4.00 
97 924577 100263 231 35 420.00 18.50 
98 926115 000785 416 5 900.00 7.50 
99 923049 104894 103 58 780.00 78.00 
100 922543 103062 75 54 540.00 16.00 
101 927154 104741 261 5 540.00 8.00 
102 923577 104678 130 57 480.00 98.00 
103 927170 102893 636 57 660.00 12.00 
104 925127 104706 278 5 450.00 39.00 
105 926164 104551 429 57 780.00 1.00 
106 927196 103762 640 5 720.00 18.00 
107 924641 104815 94 5 630.00 29.00 
108 920552 104054 33 57 840.00 33.00 
109 927208 104683 88 20 750.00 8.00 
110 924656 002695 239 54 420.00 24.00 
111 926196 104401 438 5 540.00 21.00 
112 926715 010875 62 35 720.00 56.00 
0 0 8.00 26 60 6.3 
1 1 8.00 25 60 0.6 
2 2 7.50 40 45 3 
3 3 21.00 20 32 9.63 
4 3 21.00 20 32 9.63 
5 4 84.00 15 15 4.8 
6 5 1.50 35 18 9.23 
7 5 82.00 35 18 9.23 
8 5 19.00 35 18 9.23 
9 5 4.00 35 18 9.23 
10 6 32.00 25 20 3 
11 7 8.00 30 60 18.0 
12 7 3.00 30 60 18.0 
13 8 26.00 35 45 3 
14 9 1.00 25 16 17.4 
15 9 260.00 25 16 17.4 
16 10 160.00 35 12 3 
17 10 1.00 35 12 3 
18 11 6.00 35 60 3 
19 12 4.50 17 45 3 
20 13 5.00 20 20 6.0 
21 14 297.50 24 12 3 
22 15 72.00 25 15 3 
23 16 8.00 10 60 2.87 
24 17 24.00 15 45 5.43 
25 17 7.00 15 45 5.43 
26 18 14.50 35 15 3 
27 19 4.50 35 60 3 
28 20 15.00 35 60 3 
29 21 13.00 50 15 3 
30 22 14.00 41 35 3 
31 23 4.50 15 40 3 
32 24 3.00 35 60 3 
33 25 2.00 30 15 3 
34 26 10.00 35 30 3.33 
35 26 21.00 35 30 3.33 
36 26 7.00 35 30 3.33 
37 27 6.00 25 30 3 
38 28 14.00 30 30 4.53 
39 29 4.00 25 35 9.43 
40 30 5.50 20 35 3 
41 31 303.00 25 11 3 
42 32 14.00 40 30 3 
43 33 6.00 35 45 3 
44 34 2.00 40 45 3 
45 35 3.00 20 39 3 
46 36 19.50 35 15 3 
47 37 5.50 35 45 3 
48 38 14.00 30 30 4.33 
49 39 8.00 30 60 3 
50 40 5.00 35 45 3 
51 41 5.00 10 20 3 
52 42 3.50 35 45 3 
53 43 3.00 25 60 3 
54 44 176.00 30 25 9.67 
55 45 12.50 22 15 3 
56 46 3.00 25 60 3 
57 47 3.50 15 45 3 
58 48 5.00 30 60 6.3 
59 49 12.00 35 30 3 
60 49 7.00 35 30 3 
61 50 14.00 25 15 3 
62 51 6.00 28 60 5.63 
63 52 5.00 30 90 3 
64 52 7.00 30 90 3 
65 53 1.50 15 45 3 
66 54 40.00 35 30 3 
67 54 12.00 35 30 3 
68 55 45.00 35 30 3 
69 56 5.00 30 15 3 
70 57 64.00 30 10 10.72 
71 58 300.00 40 13 20.0 
72 58 12.00 40 13 20.0 
73 59 3.00 30 45 3 
74 60 8.00 40 45 3 
75 61 6.50 40 60 3 
76 62 12.00 45 60 3 
77 63 14.00 35 20 3 
78 64 54.00 35 60 7.47 
79 65 12.00 35 15 3 
80 66 9.00 30 30 3 
81 67 2.00 35 30 3 
82 68 21.50 20 25 3 
83 69 10.00 35 40 3 
84 69 7.50 35 40 3 
85 70 13.00 22 30 2.67 
86 71 9.00 30 30 3 
87 72 7.00 35 45 3 
88 73 15.00 40 45 3 
89 74 5.00 35 45 3 
90 75 11.50 35 45 3 
91 75 8.00 35 45 3 
92 76 2.50 25 45 3 
93 77 3.00 20 35 3 
94 78 5.00 20 30 3 
95 79 8.00 20 35 3 
96 80 5.00 30 15 3 
97 81 20.50 25 15 3 
98 82 7.00 30 15 3 
99 83 16.00 30 30 4.0 
100 84 1.00 40 30 3 
101 85 22.00 25 45 3 
102 85 28.00 25 45 3 
103 86 78.50 35 15 3 
104 87 53.00 30 30 14.33 
105 88 6.00 25 45 3 
106 89 7.00 35 15 3.07 
107 90 38.00 35 24 3 
108 91 8.00 35 19 3 
109 92 8.00 25 60 3 
110 93 22.50 17 45 7.87 
111 94 1.00 33 22 12.8 
112 94 102.50 33 22 12.8 
113 94 14.00 33 22 12.8 
114 95 40.00 8 13 3 
115 95 111.00 8 13 3 
116 96 4.00 35 30 3 
117 97 18.50 40 40 3 
118 98 7.50 30 60 4.6 
119 99 78.00 30 20 3 
120 100 16.00 25 30 3 
121 101 8.00 30 60 10.6 
122 102 98.00 35 18 3 
123 103 12.00 50 15 3 
124 104 39.00 35 15 10.13 
125 105 1.00 35 30 3 
126 106 18.00 20 45 3 
127 107 29.00 30 40 3.47 
128 108 12.00 40 15 3 
129 108 21.00 40 15 3 
130 109 8.00 26 31 3 
131 110 24.00 30 30 3 
132 111 14.00 20 25 5.93 
133 111 7.00 20 25 5.93 
134 112 56.00 10 15 3 
0 15346 733 5 5 12 532 836 
1 10124 126 5 5 12 376 1018 
2 15138 195 5 5 8 390 1087 
3 15246 375 5 5 12 399 966 
4 15376 810 5 5 12 428 986 
5 15580 -1 -1 5 8 524 1047 
6 15422 980 5 5 8 463 1062 
7 15076 246 10 5 12 748 855 
8 15515 1283 5 5 8 491 1086 
9 15607 1499 5 5 8 524 1134 
10 15555 -1 -1 5 8 506 1074 
11 15377 813 5 5 12 466 940 
12 15347 734 5 5 8 472 948 
13 2167 1235 57 57 8 382 1010 
14 15392 892 35 35 8 402 947 
15 7000032 -1 -1 35 8 488 950 
16 7000041 -1 -1 35 8 503 1014 
17 15612 1823 57 57 8 661 1091 
18 7000053 35082 5 5 8 541 1105 
19 10228 54 5 5 8 403 949 
20 15432 998 5 5 8 480 949 
21 15110 180 5 5 8 376 957 
22 15213 270 5 5 8 417 917 
23 15274 561 5 5 8 440 954 
24 15521 1310 5 5 8 499 1064 
25 15542 1346 5 5 8 511 1063 
26 2006 1147 58 58 8 366 1011 
27 2019 1148 58 58 8 392 1045 
28 2072 1301 58 58 8 441 1031 
29 7000054 -1 -1 58 8 470 1057 
30 7000013 1849 58 58 12 465 1004 
31 15560 1379 58 58 8 452 1111 
32 2026 1165 58 58 12 378 1017 
33 2057 1182 58 58 8 419 976 
34 7000067 -1 -1 58 12 480 1072 
35 2047 1173 58 58 8 406 1012 
36 2068 1289 58 58 12 448 984 
37 15467 1085 54 54 8 407 1038 
38 15589 1460 54 54 8 445 1018 
39 7000062 35106 54 54 8 469 1057 
40 15358 762 20 54 8 505 934 
41 15566 1255 57 57 8 467 1022 
42 15460 1070 20 54 8 530 941 
43 15143 201 20 20 8 445 916 
44 15431 995 20 20 8 460 989 
45 7000031 35037 20 20 8 497 1053 
46 7000052 35076 20 20 8 530 915 
47 7000063 35103 20 20 8 513 937 
48 14417 117 20 20 8 430 966 
49 15516 1286 20 20 8 481 970 
50 7000059 35091 54 54 8 449 964 
51 15611 1817 20 20 8 489 935 
52 15107 177 20 54 8 479 983 
53 15161 213 20 54 8 498 1043 
54 15398 912 54 54 8 396 962 
55 15451 1052 20 54 8 633 938 
56 15102 -1 -1 54 8 376 961 
57 15243 363 20 20 8 570 1015 
58 15507 1261 54 54 8 453 938 
59 2040 1170 58 58 8 400 1003 
60 15435 1004 5 5 8 486 980 
61 15423 983 10 10 8 397 985 
62 15277 570 10 10 8 397 926 
63 15083 156 10 10 8 369 889 
64 7000029 35028 10 10 8 433 1002 
65 7000066 35112 10 10 8 434 935 
66 15415 965 5 10 8 430 917 
67 15173 228 10 10 8 376 909 
68 15446 1031 10 10 8 397 965 
69 15112 183 10 10 8 372 924 
70 15488 1125 10 10 8 407 1035 
71 15486 1116 10 10 8 423 843 
72 15459 1067 10 10 8 398 997 
73 2158 1168 57 57 8 373 980 
74 2149 1221 57 57 8 382 952 
75 2001 1152 57 57 12 381 990 
76 15550 1254 57 57 8 443 953 
77 15535 1251 57 57 8 410 1039 
78 15151 207 5 5 8 409 915 
79 15401 926 5 5 8 452 1101 
80 15343 725 35 35 8 383 884 
81 15553 1358 35 35 8 436 998 
82 15245 372 20 20 8 451 1031 
83 15450 779 50 50 8 377 1017 
84 15428 992 5 5 8 467 1152 
85 14340 291 50 50 8 366 876 
86 15606 1496 57 57 12 453 952 
87 15476 -1 -1 50 8 388 980 
88 15479 811 50 50 8 404 948 
89 15598 815 50 50 8 410 1146 
90 15615 818 50 50 8 424 999 
91 7000011 1885 50 50 8 433 1016 
92 7000018 -1 -1 50 8 445 1055 
93 14347 300 50 50 8 375 905 
94 7000038 35046 50 50 8 457 1049 
95 7000045 -1 -1 50 8 464 721 
96 15559 1370 5 5 8 561 1111 
97 15223 276 5 5 8 421 1000 
98 15405 938 5 5 8 452 961 
99 7000008 1841 57 57 12 477 1008 
100 7000042 35055 20 57 12 526 948 
101 2120 1206 57 57 12 453 970 
102 15383 834 20 57 12 482 848 
103 7000030 35031 5 5 8 532 1046 
104 15217 841 35 35 8 386 868 
105 15408 941 35 35 8 398 952 
106 15547 1355 35 35 8 417 997 
107 15614 1829 35 35 8 456 925 
108 15228 279 5 5 8 424 788 
109 15150 342 35 35 8 373 855 
110 15539 1343 35 35 8 409 1053 
111 15578 1427 35 35 8 444 998 
112 15438 1013 5 5 8 498 837 
113 15436 1007 5 5 8 486 1082 
114 7000056 -1 -1 57 8 32 167 
115 15588 1457 57 57 8 105 1077 
116 15162 216 5 5 8 393 1040 
117 15305 625 5 5 8 611 844 
118 15176 231 20 20 8 437 954 
119 15414 962 35 35 8 401 928 
120 15562 1385 35 35 8 438 950 
121 15457 1061 35 35 8 405 990 
122 15605 1497 57 57 8 1257 341