Drivers:       131
  0    15151 259          -1  1  8  420
  1    15017 263          -1  1  8  420
  2    15138 450          -1  1  8  420
  3    15213 249          -1  1  8  420
  4    15228 340          -1  1  8  435
  5    15401 461          -1  1  8  435
  6    15305 464          -1  1  8  435
  7    15428 362          -1  1  8  445
  8    15422 321          -1  1  8  445
  9    15432 392          -1  1  8  460
 10    15436 382          -1  1  8  465
 11    15438 361          -1  1  8  470
 12    15173 311          -1  1  8  485
 13    15277 158          -1  1  8  500
 14    15103 344          -1  1  8  500
 15    15369 433          -1  1  8  515
 16    15446 389          -1  1  8  530
 17    15459 390          -1  1  8  530
 18    15423 369          -1  1  8  540
 19    15515 342          -1  1  8  545
 20    15607 188          -1  1  8  560
 21    15405 381          -1  1  8  565
 22    15559 010          -1  1  8  565
 23    15555 436          -1  1  8  570
 24    15521 098          -1  1  8  595
 25    15062 490          -1  2  8  370
 26    15083 460          -1  2  8  425
 27  7000066 018          -1  2  8  440
 28    14417 437          -1  4  8  345
 29    15070 426          -1  4  8  355
 30    15143 370          -1  4  8  405
 31    15107 367          -1  4  8  415
 32    15243 449          -1  4  8  420
 33    15409 312          -1  4  8  430
 34    15431 343          -1  4  8  440
 35    15451 135          -1  4  8  460
 36    15516 385          -1  4  8  480
 37    15611 090          -1  4  8  490
 38    15343 300          -1  0  8  350
 39    15150 301          -1  0  8  365
 40    15414 489          -1  0  8  395
 41    15392 463          -1  0  8  400
 42    15408 455          -1  0  8  400
 43    15457 150          -1  0  8  410
 44    15547 155          -1  0  8  420
 45    15562 088          -1  0  8  425
 46    15578 037          -1  0  8  465
 47    15614 138          -1  0  8  470
 48  7000032 246          -1  0  8  485
 49  7000041 185          -1  0  8  515
 50    14347 469          -1  3  8  360
 51  7000018 456|089      -1  3  8  365
 52    15476 089          -1  3  8  365
 53    15598 020          -1  3  8  390
 54  7000011 325          -1  3  8  410
 55  7000038 157          -1  3  8  450
 56    15398 462          -1  5  8  370
 57    15467 467          -1  5  8  385
 58    15507 384          -1  5  8  390
 59    15102 349          -1  5  8  405
 60  7000059 019          -1  5  8  420
 61  7000062 035          -1  5  8  430
 62    15161 331          -1  5  8  440
 63    15245 308          -1  5  8  465
 64    15486 313          -1  5  8  480
 65    15358 364          -1  5  8  505
 66    15415 148          -1  5  8  510
 67    15488 391          -1  5  8  515
 68    15558 314          -1  5  8  525
 69  7000029 319          -1  5  8  530
 70    15162 307          -1  5  8  565
 71    15176 350          -1  5  8  690
 72  7000030 023          -1  5  8 1385
 73  7000031 026          -1  5  8 1385
 74  7000052 097          -1  5  8 1400
 75  7000063 190          -1  5  8 1415
 76    14340 482          -1  6  8  350
 77     2149 807          -1  6  8  355
 78    15421 820          -1  6  8  370
 79    15479 347          -1  6  8  375
 80    15450 346          -1  6  8  380
 81    15605 143          -1  6  8  380
 82  7000056 826          -1  6  8  390
 83    15615 324          -1  6  8  400
 84    15566 830          -1  6  8  405
 85     2158 377          -1  6  8  425
 86     2118 470          -1  6  8  430
 87     2167 866          -1  6  8  440
 88    15535 832          -1  6  8  455
 89    15550 834          -1  6  8  465
 90    15612 371          -1  6  8  475
 91     2057 529          -1  7  8  415
 92     2072 526          -1  7  8  440
 93    15560 528          -1  7  8  450
 94  7000054 527          -1  7  8  465
 95     2006 448          -1  7  8  485
 96     2019 294          -1  7  8  490
 97     2023 548          -1  7  8  505
 98     2040 531          -1  7  8  510
 99     2047 099          -1  7  8  520
100    15246 296          -1  1 12  440
101    15346 524          -1  1 12  525
102    15377 065          -1  1 12  550
103        1 5018JDMI     -1  2 12  425
104        1 5018JDMI     -1  2 12  425
105        1 5018JDMI     -1  2 12  425
106        1 5018JDMI     -1  2 12  425
107        1 5018JDMI     -1  2 12  425
108        1 5018JDMI     -1  2 12  425
109        1 5018JDMI     -1  2 12  425
110        1 5018JDMI     -1  2 12  425
111        1 5018JDMI     -1  2 12  425
112        1 5018JDMI     -1  2 12  425
113        1 5018JDMI     -1  2 12  425
114        1 5018JDMI     -1  2 12  425
115        1 5018JDMI     -1  2 12  425
116        1 5018JDMI     -1  2 12  425
117        1 5018JDMI     -1  2 12  425
118        1 5018JDMI     -1  2 12  425
119    14411 532          -1  2 12  465
120    10124 542          -1  2 12  485
121  7000042 297          -1  2 12  525
122    15383 160          -1  2 12  540
123     2001 867          -1  6 12  420
124     2120 827          -1  6 12  440
125    15606 835          -1  6 12  465
126  7000008 053          -1  6 12  490
127     2026 476          -1  7 12  410
128     2068 468          -1  7 12  430
129  7000013 478          -1  7 12  460
130  7000067 430          -1  7 12  480
Clients:  77 2893.5
  0 926403 023020  482  0  480   1.5  1 
  1 926413 101247  484  3  780   2.0  1 
  2 921323 000785   42  2  840   2.5  1 
  3 925077 070149  273  0  420   3.0  1 
  4 923136 104686  104  1  480   3.0  1 
  5 926580 104222  443  6  720   3.0  1 
  6 925080 100510  274  0  450   3.5  1 
  7 926694 103762  536  1  930   4.0  1 
  8 925734 100844  344  6  840   4.5  1 
  9 926516 000785  108  1  420   5.0  1 
 10 926363 102740  476  6  540   5.0  1 
 11 923198 000785  109  5  870   5.0  1 
 12 924344 000785  206  1  900   5.0  1 
 13 923038 103867  102  1  450   6.0  1 
 14 924567 101386  228  0  870   6.0  1 
 15 926276 103594  452  1  480   7.0  1 
 16 926366 104124  478  6  750   7.0  1 
 17 921380 000785   45  5  840   7.0  1 
 18 926367 104683   88  3  660   7.5  1 
 19 926351 104905  117  6  480   8.0  1 
 20 922747 070149   84  4  420   9.0  1 
 21 924640 104815   94  2  510  10.0  1 
 22 926330 002884  461  5  960  10.0  1 
 23 925726 104686  341  5  660  11.0  1 
 24 925957 103861  392  7  900  11.5  1 
 25 923964 104686   56  0  900  12.0  1 
 26 923966 104686   56  0  945  12.0  1 
 27 926431 104706  278  1  810  13.0  1 
 28 923973 104686   56  0  855  13.0  1 
 29 925955 103650  391  0  720  14.0  1 
 30 925857 104741   71  1  420  15.0  1 
 31 922233 010875   62  0  510  15.0  1 
 32 924633 104284  236  0  540  15.0  2 
 33 926311 002518  459  0  930  15.5  1 
 34 926248 104752  447  6  720  16.0  1 
 35 924947 104970   47  4  810  17.0  1 
 36 922833 104683   88  3  415  17.5  2 
 37 923997 104686  166  0  600  18.0  1 
 38 925404 104327  304  3  780  18.0  1 
 39 925124 104706  278  1  690  19.5  1 
 40 924022 003390  169  4  840  20.0  1 
 41 923970 104686  162  0  420  23.0  1 
 42 923377 104490  124  0  480  23.0  2 
 43 924247 104262  141  7  750  23.5  1 
 44 925123 104706  278  5  450  26.0  1 
 45 923755 100373  141  7  720  28.5  1 
 46 926470 100878  122  2  540  29.5  2 
 47 924543 101523  225  7  840  30.0  1 
 48 923340 070149   84  4  420  30.5  2 
 49 923350 104892  118  5  660  30.5  1 
 50 923305 104905  117  6  600  32.0  1 
 51 924830 104686  250  1  480  35.0  1 
 52 925063 104686  271  1  630  35.0  1 
 53 924515 104686  221  1  570  36.0  1 
 54 926359 103062  380  5  630  36.0  2 
 55 917232 104590    0  4  870  40.0  1 
 56 926070 102750  410  6  840  41.5  1 
 57 919610 000749    8  1  780  42.0  1 
 58 925125 104706  278  1  480  44.0  1 
 59 921578 000858   48  3  450  54.0  1 
 60 926365 104683   88  6  420  56.0  1 
 61 923832 102625  153  6  480  56.0  1 
 62 922862 003265   89  5  780  56.0  1 
 63 922510 104741   71  1  480  60.0  1 
 64 922134 104686   56  0  540  61.0  1 
 65 922676 104269   79  4  685  61.0  2 
 66 925848 101989   90  5  660  64.0  1 
 67 926529 COD     509  0  720  64.0  1 
 68 923920 104686   59  5 1380  73.0  1 
 69 920228 103762   13  2  420  83.0  1 
 70 923721 104686  140  1  480 104.0  1 
 71 925015 104524  263  7  510 122.0  1 
 72 924161 104686  179  4  480 126.0  1 
 73 921922 104054   52  2  480 148.5  1 
 74 925819 070149  359  1  420 200.0  2 
 75 923504 101951  128  6  420 203.5  1 
 76 923138 104842  105  7  450 318.0  1 
Orders:  85  
  0   0   1.5  0  
  1   1   2.0  3  
  2   2   2.5  2  
  3   3   3.0  0  
  4   4   3.0  1  
  5   5   3.0  6  
  6   6   3.5  0  
  7   7   4.0  1  
  8   8   4.5  6  
  9   9   5.0  1  
 10  10   5.0  6  
 11  11   5.0  5  
 12  12   5.0  1  
 13  13   6.0  1  
 14  14   6.0  0  
 15  15   7.0  1  
 16  16   7.0  6  
 17  17   7.0  5  
 18  18   7.5  3  
 19  19   8.0  6  
 20  20   9.0  4  
 21  21  10.0  2  
 22  22  10.0  5  
 23  23  11.0  5  
 24  24  11.5  7  
 25  25  12.0  0  
 26  26  12.0  0  
 27  27  13.0  1  
 28  28  13.0  0  
 29  29  14.0  0  
 30  30  15.0  1  
 31  31  15.0  0  
 32  32   7.5  0  
 33  32   7.5  0  
 34  33  15.5  0  
 35  34  16.0  6  
 36  35  17.0  4  
 37  36   1.5  3  
 38  36  16.0  3  
 39  37  18.0  0  
 40  38  18.0  3  
 41  39  19.5  1  
 42  40  20.0  4  
 43  41  23.0  0  
 44  42  11.0  0  
 45  42  12.0  6  
 46  43  23.5  7  
 47  44  26.0  5  
 48  45  28.5  7  
 49  46   6.0  1  
 50  46  23.5  2  
 51  47  30.0  7  
 52  48   3.5  4  
 53  48  27.0  4  
 54  49  30.5  5  
 55  50  32.0  6  
 56  51  35.0  1  
 57  52  35.0  1  
 58  53  36.0  1  
 59  54   6.0  5  
 60  54  30.0  5  
 61  55  40.0  4  
 62  56  41.5  6  
 63  57  42.0  1  
 64  58  44.0  1  
 65  59  54.0  3  
 66  60  56.0  6  
 67  61  56.0  6  
 68  62  56.0  5  
 69  63  60.0  1  
 70  64  61.0  0  
 71  65   1.0  4  
 72  65  60.0  4  
 73  66  64.0  5  
 74  67  64.0  0  
 75  68  73.0  5  
 76  69  83.0  2  
 77  70 104.0  1  
 78  71 122.0  7  
 79  72 126.0  4  
 80  73 148.5  2  
 81  74 104.0  5  
 82  74  96.0  1  
 83  75 203.5  6  
 84  76 318.0  7  
Plants:   8
 0 2492 35  75 
 1 2489  5 135 
 2 2490 10 111 
 3 2493 50  75 
 4 2491 20  87 
 5 2494 54  70 
 6 2495 57  90 
 7 2496 58  90