8
64
78
123
0 2489 5 135.0 
1 2490 10 111.0 
2 2491 20 87.0 
3 2492 35 75.0 
4 2493 50 75.0 
5 2494 54 70.0 
6 2495 57 90.0 
7 2496 58 90.0 
0 921986 104500 53 20 480.00 160.00 
1 927096 104486 619 20 540.00 34.00 
2 926725 104442 539 35 420.00 8.00 
3 927238 103289 644 20 660.00 28.00 
4 925576 102309 321 35 450.00 13.00 
5 927368 104706 278 5 870.00 19.00 
6 925197 104222 285 57 450.00 165.00 
7 925583 103590 323 35 420.00 18.50 
8 926608 101881 520 5 960.00 4.00 
9 924563 102935 227 57 870.00 3.00 
10 927252 010875 62 35 480.00 55.00 
11 924310 000785 196 10 630.00 3.00 
12 926486 100373 470 58 480.00 60.00 
13 926236 070149 444 20 510.00 42.00 
14 926495 025460 500 5 420.00 1.50 
15 922146 104778 57 5 720.00 35.00 
16 926116 000785 417 10 885.00 8.00 
17 927396 104909 677 35 660.00 24.00 
18 924583 101523 225 58 720.00 142.50 
19 920232 103762 17 5 420.00 22.00 
20 927531 104834 87 50 780.00 5.50 
21 927408 104557 679 5 450.00 24.50 
22 926770 104970 47 20 540.00 58.00 
23 924212 104683 88 50 420.00 161.00 
24 927413 103762 680 35 540.00 7.00 
25 925751 104704 349 10 630.00 73.00 
26 927159 103974 635 58 570.00 9.00 
27 924857 104686 250 54 480.00 140.00 
28 926905 100333 570 35 780.00 15.00 
29 926906 100333 571 35 810.00 13.00 
30 922684 104269 79 20 655.00 46.00 
31 924093 104672 174 10 750.00 16.00 
32 927290 104679 655 57 720.00 26.00 
33 926911 102838 574 35 780.00 16.00 
34 927418 100981 682 54 630.00 42.00 
35 926913 102183 576 57 900.00 1.50 
36 926019 104686 397 20 480.00 31.00 
37 918598 001938 4 5 475.00 227.00 
38 927303 102625 658 20 660.00 2.00 
39 925128 104706 278 5 510.00 39.00 
40 927436 102481 689 57 600.00 3.00 
41 927544 103762 711 5 900.00 8.00 
42 926675 104747 531 58 900.00 43.50 
43 924118 001230 175 10 540.00 23.00 
44 927449 103765 695 35 630.00 6.00 
45 927326 104686 659 5 600.00 3.00 
46 924127 104054 52 10 480.00 176.00 
47 924642 104815 94 5 750.00 12.00 
48 927460 104686 676 54 450.00 3.00 
49 927461 023020 699 57 600.00 1.00 
50 925414 104706 278 5 480.00 26.00 
51 925542 102603 276 35 540.00 8.00 
52 920808 104831 36 57 480.00 122.50 
53 924521 001549 222 5 420.00 12.00 
54 926310 104842 105 58 510.00 114.50 
55 926826 103064 553 54 750.00 19.00 
56 927591 000402 721 54 840.00 2.50 
57 927720 003428 740 35 870.00 6.00 
58 923374 103949 123 10 420.00 68.00 
59 926830 100692 343 50 900.00 4.50 
60 927350 102167 662 57 900.00 3.00 
61 927608 100187 725 35 870.00 5.00 
62 924025 003390 169 20 600.00 22.50 
63 925823 104313 361 58 420.00 13.00 
0 0 18.00 33 16 8.33 
1 0 126.00 33 16 8.33 
2 0 4.00 33 16 8.33 
3 0 12.00 33 16 8.33 
4 1 34.00 25 30 1.67 
5 2 8.00 35 32 3 
6 3 28.00 25 30 9.97 
7 4 13.00 25 60 3 
8 5 19.00 35 30 10.23 
9 6 165.00 35 20 3 
10 7 11.50 15 45 3 
11 7 7.00 15 45 3 
12 8 4.00 35 35 3.47 
13 9 3.00 25 35 3 
14 10 31.50 12 20 3 
15 10 23.50 12 20 3 
16 11 3.00 30 60 3 
17 12 32.00 8 30 3 
18 12 28.00 8 30 3 
19 13 1.00 35 40 3.57 
20 13 41.00 35 40 3.57 
21 14 1.50 37 60 3.13 
22 15 35.00 20 25 5.1 
23 16 8.00 30 60 3 
24 17 18.50 30 30 3 
25 17 5.50 30 30 3 
26 18 142.50 30 13 3 
27 19 22.00 30 25 3 
28 20 5.50 31 30 3 
29 21 16.00 15 30 3 
30 21 8.50 15 30 3 
31 22 58.00 15 30 6.5 
32 23 160.00 34 12 3 
33 23 1.00 34 12 3 
34 24 7.00 35 60 3 
35 25 73.00 19 15 3.87 
36 26 9.00 35 45 3 
37 27 140.00 20 15 9.77 
38 28 15.00 35 15 3 
39 29 13.00 35 15 3 
40 30 45.00 30 16 4.4 
41 30 1.00 30 16 4.4 
42 31 16.00 25 30 10.07 
43 32 26.00 30 25 3 
44 33 16.00 45 45 3 
45 34 42.00 39 45 12.9 
46 35 1.50 40 45 3 
47 36 31.00 25 30 10.83 
48 37 1.00 40 15 11.9 
49 37 226.00 40 15 11.9 
50 38 2.00 20 25 3 
51 39 39.00 35 15 9.7 
52 40 3.00 32 60 3 
53 41 8.00 30 60 7.37 
54 42 43.50 22 15 3 
55 43 23.00 45 20 7.48 
56 44 6.00 35 25 3 
57 45 3.00 35 60 3 
58 46 176.00 35 16 14.07 
59 47 12.00 30 40 7.57 
60 48 3.00 25 60 3 
61 49 1.00 35 45 3 
62 50 26.00 35 30 8.85 
63 51 8.00 15 15 3 
64 52 122.50 15 25 3 
65 53 8.00 25 90 5.9 
66 53 4.00 25 90 5.9 
67 54 114.50 23 15 3 
68 55 19.00 30 35 15.65 
69 56 2.50 35 60 3 
70 57 6.00 15 35 3 
71 58 68.00 15 16 7.47 
72 59 4.50 15 40 3 
73 60 3.00 50 30 3 
74 61 5.00 12 45 3 
75 62 22.50 15 45 5.83 
76 63 7.00 17 45 3 
77 63 6.00 17 45 3 
0 15346 733 5 5 12 540 898 
1 15376 810 5 5 12 509 921 
2 15151 207 5 5 8 417 878 
3 15162 216 5 5 8 431 903 
4 15405 938 5 5 8 461 946 
5 15246 375 5 5 12 439 784 
6 15347 734 5 5 8 452 936 
7 15138 195 5 5 8 403 949 
8 15377 813 5 5 12 466 1044 
9 10124 126 5 5 12 386 993 
10 15110 180 5 5 8 393 990 
11 15436 1007 5 5 8 490 798 
12 15542 1346 5 5 8 505 836 
13 15580 -1 -1 5 8 528 1028 
14 7000030 35031 5 5 8 544 353 
15 15305 625 5 5 8 561 847 
16 15213 270 5 5 8 427 895 
17 15438 1013 5 5 8 495 852 
18 15223 276 5 5 8 431 905 
19 15428 992 5 5 8 479 825 
20 2158 1168 57 57 8 422 798 
21 15605 1497 57 57 8 552 970 
22 2149 1221 57 57 8 457 844 
23 15550 1254 57 57 8 495 844 
24 15612 1823 57 57 8 540 868 
25 15582 1442 57 57 8 524 962 
26 15606 1496 57 57 12 542 783 
27 2001 1152 57 57 12 402 854 
28 2120 1206 57 57 12 450 814 
29 15588 1457 57 57 8 524 1030 
30 15507 1261 54 54 8 463 970 
31 15467 1085 54 54 8 451 886 
32 15432 998 5 54 8 523 854 
33 15451 1052 20 54 8 518 925 
34 15398 912 54 54 8 445 825 
35 15102 -1 -1 54 8 415 838 
36 15431 995 20 54 8 513 911 
37 15243 363 20 20 8 479 986 
38 15358 762 20 20 8 511 871 
39 7000052 35076 20 20 8 561 920 
40 7000059 35091 54 54 8 472 862 
41 15245 372 20 54 8 502 726 
42 15555 -1 -1 5 8 516 857 
43 15274 561 5 5 8 446 876 
44 15401 926 5 5 8 475 892 
45 15143 201 20 20 8 461 830 
46 14417 117 20 20 8 435 907 
47 7000042 35055 20 20 12 597 984 
48 7000062 35106 54 54 8 482 975 
49 15107 177 20 20 8 529 804 
50 15062 144 10 10 8 387 894 
51 15083 156 10 10 8 417 891 
52 15112 183 10 10 8 420 912 
53 15277 570 10 10 8 451 1024 
54 15446 1031 10 10 8 455 858 
55 15486 1116 10 10 8 478 900 
56 7000029 35028 10 10 8 499 982 
57 7000063 35103 20 20 8 563 855 
58 15460 1070 20 20 8 495 845 
59 15173 228 10 10 8 428 976 
60 15558 1364 10 10 8 480 877 
61 7000066 35112 10 10 8 497 777 
62 7000065 35109 10 10 8 492 841 
63 15422 980 5 10 8 516 826 
64 15423 983 10 10 8 451 882 
65 15459 1067 10 10 8 460 761 
66 15488 1125 10 10 8 471 1003 
67 14340 291 50 50 8 384 742 
68 14347 300 50 50 8 378 792 
69 15450 779 50 50 8 391 633 
70 15476 -1 -1 50 8 405 651 
71 15598 815 50 50 8 418 675 
72 15615 818 50 50 8 429 848 
73 7000011 1885 50 50 8 441 724 
74 7000018 -1 -1 50 8 451 728 
75 7000038 35046 50 50 8 469 867 
76 7000045 -1 -1 50 8 476 792 
77 15479 811 50 50 8 515 757 
78 15435 1004 5 5 8 483 856 
79 2040 1170 58 58 8 479 987 
80 2047 1173 58 58 8 489 980 
81 7000013 1849 58 58 12 538 1055 
82 2068 1289 58 58 12 505 1001 
83 2026 1165 58 58 12 464 1037 
84 2072 1301 58 58 8 525 948 
85 7000067 -1 -1 58 12 572 940 
86 2006 1147 58 58 8 392 952 
87 2057 1182 58 58 8 495 978 
88 15559 1370 5 5 8 522 814 
89 10228 54 5 5 8 374 1058 
90 15589 1460 54 54 8 463 947 
91 15176 231 20 54 8 499 904 
92 15515 1283 5 5 8 500 875 
93 15607 1499 5 5 8 536 1024 
94 7000008 1841 57 57 12 576 801 
95 7000056 -1 -1 57 8 560 1020 
96 15535 1251 57 57 8 481 880 
97 15566 1255 57 57 8 517 949 
98 15614 1829 35 35 8 526 856 
99 15217 841 35 35 8 411 588 
100 15562 1385 35 35 8 498 859 
101 15343 725 35 35 8 391 697 
102 15392 892 35 35 8 434 808 
103 15539 1343 35 35 8 478 636 
104 7000054 -1 -1 58 8 548 956 
105 2019 1148 58 58 8 446 930 
106 15516 1286 20 20 8 505 888 
107 15611 1817 20 20 8 525 886 
108 7000069 35115 20 20 8 576 950 
109 15383 834 20 20 12 536 873 
110 15560 1379 58 58 8 540 655 
111 15150 342 35 35 8 370 696 
112 15414 962 35 35 8 465 867 
113 7000053 35082 5 5 8 556 1062 
114 15521 1310 5 5 8 506 806 
115 15578 1427 35 35 8 510 1035 
116 15553 1358 35 35 8 489 879 
117 7000032 -1 -1 35 8 533 884 
118 7000041 -1 -1 35 8 542 917 
119 7000031 35037 20 20 8 544 807 
120 15408 941 35 35 8 452 932 
121 15457 1061 35 35 8 464 559 
122 15547 1355 35 35 8 485 822