Drivers:        9
  0    15305 464          -1  0  12  425
  1    15346 450          -1  0  8  450
  2    15607 188          -1  0  12  485
  3    15213 381          -1  0  8  500
  5  7000031 035          -1  1  8  410
  6    15467 467          -1  1  12  420
  7    15107 367          -1  1  8  435
  8    15431 363          -1  1  8  440
  9  7000063 190          -1  1  12  460
Clients:  5 333.5
  1 934626 000785 2020  0  620   24.0  1
  2 934236 104970   47  1  480  32.0  1
  3 934104 104686 1586  0  480  36.0  1
  4 933741 104970   47  1  510  72.0  3
  5 933193 003483  146  1  445 60.0  2
Orders:  8
  1   0   24.0  0
  2   1  32.0  1
  3   2  36.0  0
  4   3   40.0  1
  5   3  16.0  1
  6   3  16.0  1
  9   4  20  1
 10   4 40  1
Plants:   2
 0 2489  5 80
 1 2494 54  70