Drivers:        8
  0  7000031 350          -1  0  8  430
  1  7000069 189          -1  0  8  460
  7  7000059 462          -1  1  8  380
  8    15467 467          -1  1  8  400
 10    15405 381          -1  1  8  435
 11    15422 321          -1  1  8  450
 12    15555 436          -1  1  8  475
 13    15607 188          -1  1  8  525
Clients:  4 106.0
  0 932250 100650 1577  1  480  16.0  1
  1 930040 104686  179  0  600  24.0  1
  2 932349 104970   47  0  480  40.0  2
  3 931790 100878  847  1  420  32.0  1  
Orders:  5  
  0   0   16.0  1
  1   1  24.0  0
  2   2  19.0  0
  3   2  21.0  0   
  4   3  32.0  1   
Plants:   2
 0 2491 20  87 
 1 2494 54  70