Drivers:       131
  0    15110 440          -1  1  8  385
  1    15138 450          -1  1  8  395
  2    15213 249          -1  1  8  410
  3    15151 259          -1  1  8  410
  4    15223 320          -1  1  8  420
  5    15228 340          -1  1  8  425
  6    15401 461          -1  1  8  435
  7    15422 388          -1  1  8  450
  8    15428 362          -1  1  8  455
  9    15432 392          -1  1  8  465
 10    15436 382          -1  1  8  470
 11    15438 361          -1  1  8  475
 12    15515 342          -1  1  8  480
 13    15555 436          -1  1  8  485
 14    15405 381          -1  1  8  495
 15    15607 188          -1  1  8  505
 16    15459 390          -1  1  8  510
 17    15559 010          -1  1  8  510
 18        1 1118_DUV     -1  1  8  525
 19    15521 098          -1  1  8  525
 20        1 107_DUV      -1  1  8  535
 21    15558 314          -1  1  8  540
 22  7000066 018          -1  1  8  550
 23        1 710NEPVE     -1  1  8  555
 24        1 711NEPVE     -1  1  8  570
 25        1 703NEPVE     -1  1  8  580
 26    14417 437          -1  3  8  405
 27    15161 331          -1  3  8  430
 28    15107 367          -1  3  8  430
 29    15243 449          -1  3  8  455
 30    15176 350          -1  3  8  455
 31    15245 308          -1  3  8  460
 32    15358 364          -1  3  8  470
 33    15409 312          -1  3  8  480
 34    15451 135          -1  3  8  505
 35    15611 090          -1  3  8  530
 36    15369 433          -1  3  8  530
 37    15415 148          -1  3  8  535
 38    15423 369          -1  3  8  535
 39    15486 313          -1  3  8  550
 40    15488 391          -1  3  8  560
 41    15150 301          -1  0  8  360
 42    15343 300          -1  0  8  380
 43    15217 454          -1  0  8  415
 44    15392 463          -1  0  8  430
 45    15408 455          -1  0  8  445
 46    15414 489          -1  0  8  505
 47    15457 150          -1  0  8  515
 48    15547 155          -1  0  8  540
 49    15578 037          -1  0  8  545
 50    15562 088          -1  0  8  555
 51    15614 138          -1  0  8  560
 52  7000032 246          -1  0  8  565
 53  7000041 185          -1  0  8  570
 54    14347 469          -1  2  8  415
 55    14340 482          -1  2  8  415
 56    15450 346          -1  2  8  420
 57    15476 089          -1  2  8  430
 58    15479 347          -1  2  8  450
 59    15598 020          -1  2  8  455
 60    15615 324          -1  2  8  470
 61  7000018 456          -1  2  8  490
 62  7000038 157          -1  2  8  500
 63  7000011 194|200      -1  2  8  525
 64    15102 349          -1  4  8  385
 65    15507 384          -1  4  8  395
 66    15467 467          -1  4  8  395
 67    15070 426          -1  4  8  405
 68  7000059 019          -1  4  8  415
 69    15143 370          -1  4  8  430
 70    15162 307          -1  4  8  435
 71  7000062 035          -1  4  8  440
 72    15083 460          -1  4  8  445
 73    15103 344          -1  4  8  485
 74  7000052 343          -1  4  8  490
 75    15173 311          -1  4  8  500
 76  7000063 385          -1  4  8  505
 77    15277 158          -1  4  8  515
 78    15446 389          -1  4  8  520
 79  7000029 319          -1  4  8  530
 80    15398 462          -1  4  8  530
 81  7000030 023          -1  4  8 1390
 82  7000031 026          -1  4  8 1405
 83     2158 377          -1  5  8  370
 84    15605 807|143|470     -1  5  8  380
 85     2118 470          -1  5  8  380
 86  7000056 832          -1  5  8  390
 87    15550 834          -1  5  8  405
 88    15568 822|866      -1  5  8  420
 89    15566 830          -1  5  8  430
 90     2149 807          -1  5  8  445
 91    15612 183          -1  5  8  445
 92    15421 820          -1  5  8  455
 93    15582 032          -1  5  8  485
 94    15588 371|828      -1  5  8  510
 95     2167 866          -1  5  8  595
 96        1 705NEPVE     -1  5  8  605
 97     2006 448          -1  6  8  355
 98     2019 294          -1  6  8  365
 99     2023 548          -1  6  8  370
100     2040 531          -1  6  8  390
101     2047 099|536      -1  6  8  395
102     2057 529          -1  6  8  410
103     2072 526          -1  6  8  415
104    15560 528          -1  6  8  425
105  7000054 527          -1  6  8  430
106        1 5018JDMI     -1  6  8  470
107        1 77BLAIN      -1  6  8  475
108        1 104_VAIL     -1  6  8  495
109    14411 532          -1  1 12  365
110    10124 542          -1  1 12  395
111    15246 296          -1  1 12  400
112        1 6401_BEL     -1  1 12  655
113        1 6402_BEL     -1  1 12  685
114        1 6405BEL      -1  1 12  740
115        1 6407BEL      -1  1 12  755
116  7000042 297          -1  3 12  420
117    15346 524          -1  3 12  560
118    15377 065          -1  3 12  620
119     2001 867          -1  5 12  380
120    15606 835          -1  5 12  410
121  7000008 053          -1  5 12  450
122        1 706NEPVE     -1  5 12  460
123        1 708NEPVE     -1  5 12  470
124        1 718_NEPV     -1  5 12  485
125        1 215_MD       -1  5 12  500
126     2026 476          -1  6 12  385
127     2068 468          -1  6 12  420
128  7000013 478          -1  6 12  435
129  7000067 430          -1  6 12  455
130        1 6406_BEL     -1  6 12  485
Clients:  102 3174.0
  0 926205 104450  441  0  420   1.5  1 
  1 926054 104569  403  5  690   1.5  1 
  2 924898 104602  252  0  750   1.5  1 
  3 922401 001183   67  1  450   2.0  1 
  4 924595 100060   96  3  480   2.0  1 
  5 926077 101747  142  5  600   2.0  1 
  6 925815 001460  357  0  630   2.0  1 
  7 924715 001460  241  5  660   2.0  1 
  8 925730 102740  342  5  420   2.5  1 
  9 926172 102603  431  0  690   2.5  1 
 10 922537 103062   72  3  810   2.5  1 
 11 925296 102740  300  5  600   3.0  1 
 12 925675 104123  337  6  885   3.0  1 
 13 924343 000785  205  1  900   3.0  1 
 14 926263 103762  451  1  525   4.0  1 
 15 926107 104706  278  1  840   4.0  1 
 16 926171 104686  430  3  840   4.0  1 
 17 925899 COD     376  0  930   4.5  1 
 18 923980 104686   69  0  600   5.0  1 
 19 921379 000785   44  1  870   5.0  1 
 20 925571 010875  320  0  900   5.0  1 
 21 926136 103506  424  5  600   5.5  1 
 22 925411 COD     305  5  870   6.0  1 
 23 925493 COD     316  6  480   6.5  1 
 24 924305 000785  193  6  630   7.0  1 
 25 925817 104686  358  1  660   7.0  2 
 26 924290 104362  190  6  690   7.5  1 
 27 924275 104681  189  5  780   7.5  1 
 28 925604 104681  328  5  870   8.0  1 
 29 926108 104706  278  1  930   9.0  1 
 30 920512 001549   32  3  540   9.5  1 
 31 924568 104511  229  0  630  10.0  1 
 32 924850 001234  251  5  720  10.0  1 
 33 923197 000785  108  1  900  10.0  1 
 34 923453 103553  125  1  450  11.0  1 
 35 923988 104301  163  0  565  11.0  2 
 36 925215 104704  290  6  810  12.0  1 
 37 926347 100373  470  6  780  13.0  1 
 38 921265 002884   40  1  900  13.0  1 
 39 921316 000785   41  6  540  14.0  1 
 40 924713 003390  240  0  810  14.0  1 
 41 924086 104672  174  1  840  14.0  1 
 42 925427 101386  309  5  840  15.0  1 
 43 925654 104268  336  5  630  15.5  1 
 44 926106 102526  414  1  420  17.0  1 
 45 923838 103973  154  6  720  17.0  1 
 46 924295 023155  191  2  840  17.0  2 
 47 923879 002518  157  0  420  17.5  2 
 48 923276 103772  115  6  840  17.5  1 
 49 922697 104484   82  3  690  19.0  1 
 50 925060 104686  270  0  790  19.0  1 
 51 925270 103929  297  6  480  21.0  1 
 52 925884 100333  373  5  600  22.0  1 
 53 924758 104686   63  1  600  22.5  1 
 54 922539 104779   73  3  480  24.0  1 
 55 924759 104686  244  3  600  24.0  1 
 56 923491 002195    5  6  930  25.0  1 
 57 925548 104686  162  0  750  26.0  1 
 58 919535 103970    6  6  750  26.0  1 
 59 924021 003390  168  2  840  27.0  1 
 60 926177 104054   33  5  720  27.5  2 
 61 922007 104500   53  3  660  29.0  2 
 62 923036 103867  100  1  570  30.0  1 
 63 924155 104686  177  3  900  30.0  1 
 64 925432 102893  310  5  480  31.0  1 
 65 921718 103352   49  6  750  31.0  1 
 66 922232 010875   62  0  810  31.0  1 
 67 923841 002891  155  6  420  31.5  1 
 68 925645 070149   84  4  810  31.5  2 
 69 924553 101523  225  6  660  32.0  1 
 70 926178 100211  434  6  420  33.0  1 
 71 925058 104686  270  0  570  33.0  1 
 72 924996 104741  261  1  600  35.0  2 
 73 926122 000785  420  4  690  35.0  1 
 74 925742 103762  347  1  420  36.0  1 
 75 925860 100333  366  5  420  36.0  2 
 76 926008 102625   78  4  780  38.0  1 
 77 925915 104696  383  6  900  38.0  1 
 78 922746 070149   84  3  480  38.5  1 
 79 925119 104706  278  1  450  39.0  1 
 80 917231 104590    0  4  870  39.0  1 
 81 925059 104686  270  0  670  40.0  1 
 82 924946 104970   47  3  840  44.0  1 
 83 924172 104686  180  5 1380  44.0  2 
 84 924901 104875  253  5 1380  45.0  1 
 85 925561 102625   70  6  420  47.0  2 
 86 925120 104706  278  1  720  48.5  1 
 87 925122 104706  278  1  480  49.0  1 
 88 922758 104831   85  5  420  51.0  1 
 89 920825 104686   37  1  480  68.0  1 
 90 926058 104904  405  6  540  68.0  1 
 91 920227 103762   12  1  660  69.0  1 
 92 925833 103685  363  5  660  70.0  1 
 93 922157 104686   59  4 1410  71.0  1 
 94 921577 000858   48  5  540  72.0  1 
 95 922914 104222   92  5  780  83.0  2 
 96 922205 104686   60  1  480  92.0  1 
 97 922328 070149   64  4  540 102.0  1 
 98 923328 104764  119  5  480 164.0  1 
 99 924154 104683   48  2  475 178.0  2 
100 921362 103338   43  4  415 185.0  2 
101 923345 104892  121  3  480 238.5  2 
Orders:  117  
  0   0   1.5  0  
  1   1   1.5  5  
  2   2   1.5  0  
  3   3   2.0  1  
  4   4   2.0  3  
  5   5   2.0  5  
  6   6   2.0  0  
  7   7   2.0  5  
  8   8   2.5  5  
  9   9   2.5  0  
 10  10   2.5  3  
 11  11   3.0  5  
 12  12   3.0  6  
 13  13   3.0  1  
 14  14   4.0  1  
 15  15   4.0  1  
 16  16   4.0  3  
 17  17   4.5  0  
 18  18   5.0  0  
 19  19   5.0  1  
 20  20   5.0  0  
 21  21   5.5  5  
 22  22   6.0  5  
 23  23   6.5  6  
 24  24   7.0  6  
 25  25   1.0  1  
 26  25   6.0  1  
 27  26   7.5  6  
 28  27   7.5  5  
 29  28   8.0  5  
 30  29   9.0  1  
 31  30   9.5  3  
 32  31  10.0  0  
 33  32  10.0  5  
 34  33  10.0  1  
 35  34  11.0  1  
 36  35   1.0  0  
 37  35  10.0  0  
 38  36  12.0  6  
 39  37  13.0  6  
 40  38  13.0  1  
 41  39  14.0  6  
 42  40  14.0  0  
 43  41  14.0  1  
 44  42  15.0  5  
 45  43  15.5  5  
 46  44  17.0  1  
 47  45  17.0  6  
 48  46   2.0  2  
 49  46  15.0  2  
 50  47   9.5  0  
 51  47   8.0  0  
 52  48  17.5  6  
 53  49  19.0  3  
 54  50  19.0  0  
 55  51  21.0  6  
 56  52  22.0  5  
 57  53  22.5  1  
 58  54  24.0  3  
 59  55  24.0  3  
 60  56  25.0  6  
 61  57  26.0  0  
 62  58  26.0  6  
 63  59  27.0  2  
 64  60  16.5  5  
 65  60  11.0  5  
 66  61  12.0  3  
 67  61  17.0  1  
 68  62  30.0  1  
 69  63  30.0  3  
 70  64  31.0  5  
 71  65  31.0  6  
 72  66  31.0  0  
 73  67  31.5  6  
 74  68  10.5  4  
 75  68  21.0  4  
 76  69  32.0  6  
 77  70  33.0  6  
 78  71  33.0  0  
 79  72   3.5  1  
 80  72  31.5  1  
 81  73  35.0  4  
 82  74  36.0  1  
 83  75  12.0  5  
 84  75  24.0  5  
 85  76  38.0  4  
 86  77  38.0  6  
 87  78  38.5  3  
 88  79  39.0  1  
 89  80  39.0  4  
 90  81  40.0  0  
 91  82  44.0  3  
 92  83  14.0  5  
 93  83  30.0  5  
 94  84  45.0  5  
 95  85  40.0  6  
 96  85   7.0  6  
 97  86  48.5  1  
 98  87  49.0  1  
 99  88  51.0  5  
100  89  68.0  1  
101  90  68.0  6  
102  91  69.0  1  
103  92  70.0  5  
104  93  71.0  4  
105  94  72.0  5  
106  95  32.0  5  
107  95  51.0  5  
108  96  92.0  1  
109  97 102.0  4  
110  98 164.0  5  
111  99   1.0  2  
112  99 177.0  2  
113 100   1.0  4  
114 100 184.0  4  
115 101  53.0  3  
116 101 185.5  3  
Plants:   7
 0 2492 35  75 
 1 2489  5 135 
 2 2493 50  75 
 3 2491 20  87 
 4 2494 54  70 
 5 2495 57  90 
 6 2496 58  90