Drivers:       142
  0    10228 368          -1  1  8  355
  1    15017 263          -1  1  8  365
  2    15110 440          -1  1  8  370
  3    15151 259          -1  1  8  375
  4    15112 386          -1  1  8  390
  5    15138 450          -1  1  8  390
  6    15223 320          -1  1  8  395
  7    15277 158          -1  1  8  395
  8    15228 340          -1  1  8  400
  9    15305 464          -1  1  8  410
 10    15274 387          -1  1  8  420
 11    15347 307          -1  1  8  430
 12    15422 321          -1  1  8  440
 13    15432 392          -1  1  8  445
 14    15405 381          -1  1  8  450
 15    15436 382          -1  1  8  455
 16    15401 461          -1  1  8  460
 17    15515 342          -1  1  8  465
 18    15521 098          -1  1  8  470
 19    15542 010          -1  1  8  475
 20    15559 025          -1  1  8  485
 21    15580 029          -1  1  8  500
 22    15555 436          -1  1  8  505
 23    15607 188          -1  1  8  535
 24    15213 249          -1  1  8  545
 25    15103 344          -1  2  8  360
 26    15083 460          -1  2  8  365
 27    15423 366          -1  2  8  430
 28    15369 433          -1  2  8  430
 29    15486 313          -1  2  8  455
 30        1 0187__PI     -1  2  8  475
 31        1 710NEPVE     -1  2  8  480
 32  7000065 034          -1  2  8  480
 33        1 249DUV       -1  2  8  505
 34        1 714NEPVE     -1  2  8  505
 35        1 704NEPVE     -1  2  8  515
 36        1 7313IMP      -1  2  8  520
 37        1 7315IMP      -1  2  8  530
 38        1 7314IMP      -1  2  8  535
 39    14417 437          -1  4  8  355
 40    15107 367          -1  4  8  365
 41    15143 370          -1  4  8  375
 42    15161 331          -1  4  8  390
 43    15176 350          -1  4  8  395
 44    15243 449          -1  4  8  415
 45    15431 363          -1  4  8  425
 46    15451 383          -1  4  8  445
 47    15358 310          -1  4  8  450
 48    15460 343          -1  4  8  460
 49    15516 385          -1  4  8  460
 50  7000031 026          -1  4  8  480
 51  7000063 092          -1  4  8  500
 52  7000069 189          -1  4  8  510
 53    15383 426          -1  4  8  515
 54  7000052 135          -1  4  8  525
 55    15245 312          -1  4  8  715
 56    15150 301          -1  0  8  370
 57    15343 300          -1  0  8  375
 58    15217 454          -1  0  8  385
 59    15392 463          -1  0  8  395
 60    15408 455          -1  0  8  400
 61    15414 323          -1  0  8  405
 62    15457 345          -1  0  8  415
 63    15539 489          -1  0  8  430
 64    15553 096          -1  0  8  440
 65    15562 197          -1  0  8  455
 66    15578 037          -1  0  8  465
 67  7000041 185          -1  0  8  465
 68  7000032 246          -1  0  8  480
 69    14340 020|142      -1  3  8  350
 70    14347 469          -1  3  8  360
 71    15450 346|020      -1  3  8  395
 72    15476 378          -1  3  8  405
 73    15479 347          -1  3  8  435
 74  7000038 157          -1  3  8  495
 75  7000045 194          -1  3  8  510
 76    15102 349          -1  5  8  405
 77    15398 462          -1  5  8  415
 78    15467 467          -1  5  8  435
 79    15589 156          -1  5  8  440
 80  7000059 019          -1  5  8  440
 81  7000062 384          -1  5  8  470
 82    15446 133          -1  5  8  470
 83  7000029 390          -1  5  8  485
 84  7000026 369          -1  5  8  495
 85    15428 362          -1  5  8  495
 86    15488 391          -1  5  8  505
 87    15435 388          -1  5  8  505
 88     2158 377          -1  6  8  355
 89     2149 831          -1  6  8  370
 90     2167 866          -1  6  8  420
 91    15535 832          -1  6  8  430
 92    15566 830          -1  6  8  440
 93    15550 834          -1  6  8  440
 94    15582 470          -1  6  8  450
 95    15588 828          -1  6  8  455
 96    15605 807          -1  6  8  460
 97    15612 371          -1  6  8  475
 98    15421 820          -1  6  8  490
 99  7000056 143          -1  6  8  500
100  7000011 325          -1  6  8  500
101    15615 324          -1  6  8  500
102    15598 434          -1  6  8  500
103  7000018 435          -1  6  8  515
104        1 709NEPVE     -1  6  8  615
105     2006 448          -1  7  8  375
106     2019 294          -1  7  8  395
107     2022 099          -1  7  8  405
108     2023 548          -1  7  8  405
109     2047 536          -1  7  8  430
110     2057 529          -1  7  8  435
111     2040 531          -1  7  8  440
112     2072 526          -1  7  8  455
113    15560 528          -1  7  8  460
114        1 5018JDMI     -1  7  8  485
115        1 77BLAIN      -1  7  8  490
116        1 104_VAIL     -1  7  8  495
117        1 301_VAIL     -1  7  8  510
118    15346 524          -1  1 12  420
119    14411 532          -1  2 12  380
120    15376 298          -1  2 12  415
121    15076 537          -1  2 12  425
122    10124 052          -1  2 12  435
123    15246 295          -1  2 12  475
124  7000042 049          -1  2 12  475
125    15377 065          -1  2 12  515
126        1 6405BEL      -1  2 12  580
127        1 6407BEL      -1  2 12  610
128     2120 836          -1  0 12  385
129    15526 844          -1  6 12  425
130    15606 835          -1  6 12  465
131  7000008 053          -1  6 12  480
132        1 215_MD       -1  6 12  515
133        1 708NEPVE     -1  6 12  515
134        1 706NEPVE     -1  6 12  525
135        1 707NEPVE     -1  6 12  540
136     2026 476          -1  7 12  415
137     2068 468          -1  7 12  460
138   700013 478          -1  7 12  475
139        1 6406_BEL     -1  7 12  505
140        1 6401_BEL     -1  7 12  525
141        1 6402_BEL     -1  7 12  535
Clients:  92 3684.5
  0 932384 000785 1133  1  420   1.5  1 
  1 932371 000785 1609  5  675   2.0  1 
  2 934971 102603  714  1  705   2.0  1 
  3 929392 100060   96  4  675   2.5  1 
  4 932889 070149  359  1  600   3.0  1 
  5 934570 100131  318  3  630   3.0  1 
  6 933944 002695 1897  1  765   3.0  1 
  7 931756 003390 1246  5  900   3.0  1 
  8 932386 000785 1612  1  900   3.5  1 
  9 933934 100373  943  7  690   4.0  1 
 10 933780 039710 1863  2  900   4.0  1 
 11 934279 002859 1958  7  840   4.5  1 
 12 934932 104892  118  6  660   5.0  1 
 13 933597 023155 1827  3  900   5.0  1 
 14 935182 101989   90  1  930   5.0  1 
 15 934539 101843 1475  2  900   6.0  1 
 16 932276 104406 1582  1  420   7.0  1 
 17 934374 103722 1118  1  420   7.0  1 
 18 934084 104686   68  0  780   7.0  1 
 19 934811 104835  248  6  810   7.0  1 
 20 935451 103820 2154  5  900   7.0  1 
 21 934030 104841 1911  0  660   7.5  1 
 22 933832 101012 1878  1  450   8.0  1 
 23 935274 000785  420  1  510   8.0  1 
 24 935414 002453 1749  0  900   8.0  1 
 25 933747 104686   63  1  630   9.0  1 
 26 933282 003308 1325  6  870  10.0  1 
 27 934597 104746  256  1  780  11.0  1 
 28 935124 003483  146  5  810  11.0  1 
 29 931578 102309 1436  0  450  11.5  1 
 30 932565 103929  297  7  480  12.0  1 
 31 930755 104815   94  1  750  12.0  1 
 32 933590 000785 1478  1  840  12.0  1 
 33 935416 104686 2145  0  930  12.0  1 
 34 934611 COD    1700  3  420  12.5  1 
 35 935575 103762 2168  2  870  15.0  1 
 36 931743 102893 1462  0  810  16.0  1 
 37 934660 104256  126  7  960  16.0  1 
 38 934610 101881 2012  3  540  17.5  1 
 39 933952 070149   84  4  690  17.5  1 
 40 934233 104313 1951  7  795  17.5  2 
 41 931884 104848 1497  1  420  18.0  1 
 42 932218 103062  379  4  540  18.0  1 
 43 935104 104284 2099  6  570  19.0  1 
 44 933338 104970   47  5  810  19.5  1 
 45 932483 003483 1628  3  750  20.0  1 
 46 934524 104686 2001  4  720  21.0  1 
 47 932814 000785 1687  2  900  21.0  1 
 48 932939 003650 1708  1  450  23.0  2 
 49 933527 103723 1805  3  600  24.0  1 
 50 933823 100316 1873  2  750  24.0  1 
 51 932140 001460 1554  3  420  26.0  1 
 52 934751 103987 2041  7  420  26.0  1 
 53 931219 103338  133  4  450  28.0  1 
 54 934083 104686   68  0  540  28.0  1 
 55 935087 100878  973  5  630  31.0  1 
 56 935237 104490 1862  0  690  31.5  1 
 57 932692 101951  128  6  420  32.0  1 
 58 932114 103692 1547  4  540  32.0  1 
 59 933632 104590 1834  5  810  32.0  1 
 60 933964 104696 1900  7  600  33.0  2 
 61 934169 104696 1793  7  780  38.5  1 
 62 925165 104706  278  1  450  39.5  1 
 63 934379 104686  293  4  415  40.0  2 
 64 933714 104284 1848  0  420  40.0  2 
 65 932545 104401  438  1  765  40.0  1 
 66 930238 000164 1201  1  870  40.0  1 
 67 933671 104862 1841  7  750  40.5  2 
 68 927675 104706  278  1  600  42.0  1 
 69 929469 003390  170  4  870  42.5  1 
 70 933613 103723 1832  3  780  47.5  1 
 71 932213 000241 1567  2  750  48.0  1 
 72 935468 101727 2156  0  840  50.0  1 
 73 933532 036960 1691  4  780  50.5  2 
 74 934442 102752 1777  6  630  51.0  1 
 75 925361 104706  278  1  630  60.5  1 
 76 933244 104649  600  7  450  63.0  1 
 77 932997 104686  140  1  480  64.0  1 
 78 924619 104269   79  4  745  65.5  2 
 79 933236 104649  600  2  570  70.0  1 
 80 934678 100211 2024  7  840  85.0  1 
 81 932901 104500  501  4  420  88.0  2 
 82 931797 104054  186  2  420 107.0  2 
 83 933762 104686   59  5  480 112.0  1 
 84 933696 104831   36  6  480 115.0  1 
 85 932651 103762 1655  2  420 117.0  1 
 86 932303 104686 1588  1  420 120.0  1 
 87 930573 003483  146  5  445 141.0  4 
 88 933932 103352  690  2  480 214.0  2 
 89 932586 104842  105  7  450 234.5  1 
 90 932600 102603  431  0  415 287.5  2 
 91 931690 104054   33  6  480 287.5  1 
Orders:  107  
  0   0   1.5  1  
  1   1   2.0  5  
  2   2   2.0  1  
  3   3   2.5  4  
  4   4   3.0  1  
  5   5   3.0  3  
  6   6   3.0  1  
  7   7   3.0  5  
  8   8   3.5  1  
  9   9   4.0  7  
 10  10   4.0  2  
 11  11   4.5  7  
 12  12   5.0  6  
 13  13   5.0  3  
 14  14   5.0  1  
 15  15   6.0  2  
 16  16   7.0  1  
 17  17   7.0  1  
 18  18   7.0  0  
 19  19   7.0  6  
 20  20   7.0  5  
 21  21   7.5  0  
 22  22   8.0  1  
 23  23   8.0  1  
 24  24   8.0  0  
 25  25   9.0  1  
 26  26  10.0  6  
 27  27  11.0  1  
 28  28  11.0  5  
 29  29  11.5  0  
 30  30  12.0  7  
 31  31  12.0  1  
 32  32  12.0  1  
 33  33  12.0  0  
 34  34  12.5  3  
 35  35  15.0  2  
 36  36  16.0  0  
 37  37  16.0  7  
 38  38  17.5  3  
 39  39  17.5  4  
 40  40  11.0  7  
 41  40   6.5  7  
 42  41  18.0  1  
 43  42  18.0  4  
 44  43  19.0  6  
 45  44  19.5  5  
 46  45  20.0  3  
 47  46  21.0  4  
 48  47  21.0  2  
 49  48  10.0  1  
 50  48  13.0  1  
 51  49  24.0  3  
 52  50  24.0  2  
 53  51  26.0  3  
 54  52  26.0  7  
 55  53  28.0  4  
 56  54  28.0  0  
 57  55  31.0  5  
 58  56  31.5  0  
 59  57  32.0  6  
 60  58  32.0  4  
 61  59  32.0  5  
 62  60  16.0  7  
 63  60  17.0  7  
 64  61  38.5  7  
 65  62  39.5  1  
 66  63   1.0  4  
 67  63  39.0  4  
 68  64  13.0  0  
 69  64  27.0  6  
 70  65  40.0  1  
 71  66  40.0  1  
 72  67  27.5  7  
 73  67  13.0  7  
 74  68  42.0  1  
 75  69  42.5  4  
 76  70  47.5  3  
 77  71  48.0  2  
 78  72  50.0  0  
 79  73   7.0  4  
 80  73  43.5  4  
 81  74  51.0  6  
 82  75  60.5  1  
 83  76  63.0  7  
 84  77  64.0  1  
 85  78   1.5  4  
 86  78  64.0  4  
 87  79  70.0  2  
 88  80  85.0  7  
 89  81   8.0  4  
 90  81  80.0  4  
 91  82  24.0  2  
 92  82  83.0  2  
 93  83 112.0  5  
 94  84 115.0  6  
 95  85 117.0  2  
 96  86 120.0  1  
 97  87   1.0  5  
 98  87  10.0  5  
 99  87  42.0  5  
100  87  88.0  5  
101  88  10.0  2  
102  88 204.0  2  
103  89 234.5  7  
104  90   1.0  0  
105  90 286.5  0  
106  91 287.5  6  
Plants:   8
 0 2492 35  75 
 1 2489  5 135 
 2 2490 10 111 
 3 2493 50  75 
 4 2491 20  87 
 5 2494 54  70 
 6 2495 57  90 
 7 2496 58  90