Drivers:       128
  0    15274 379          -1  1  8  410
  1    15213 249          -1  1  8  450
  2    15347 307          -1  1  8  495
  3    15017 196          -1  1  8  540
  4    15580 029          -1  1  8  580
  5    15103 344          -1  2  8  410
  6    15083 460          -1  2  8  415
  7    15112 486          -1  2  8  440
  8    15173 311          -1  2  8  445
  9    15214 319          -1  2  8  460
 10    15277 158          -1  2  8  475
 11    15369 433          -1  2  8  475
 12    15423 366          -1  2  8  480
 13    15446 389          -1  2  8  490
 14    15486 313          -1  2  8  505
 15  7000029 369          -1  2  8  515
 16    15488 391          -1  2  8  520
 17  7000065 390          -1  2  8  525
 18  7000066 386          -1  2  8  545
 19    15542 521          -1  2  8  565
 20    15436 382          -1  2  8  565
 21    15555 436          -1  2  8  580
 22    15559 025          -1  2  8  600
 23    15607 022          -1  2  8  635
 24  7000053 024          -1  2  8  685
 25    14417 437          -1  4  8  345
 26    15070 426          -1  4  8  355
 27    15107 367          -1  4  8  375
 28    15143 370          -1  4  8  375
 29    15161 331          -1  4  8  400
 30    15176 350          -1  4  8  425
 31    15243 449          -1  4  8  425
 32    15245 308          -1  4  8  425
 33    15358 310          -1  4  8  430
 34    15409 312          -1  4  8  445
 35    15431 363          -1  4  8  450
 36    15451 383          -1  4  8  455
 37    15516 385          -1  4  8  470
 38    15611 364          -1  4  8  475
 39  7000052 135          -1  4  8  490
 40  7000069 189          -1  4  8  520
 41  7000063 190          -1  4  8  540
 42    15150 301          -1  0  8  360
 43    15343 300          -1  0  8  435
 44    15217 454          -1  0  8  445
 45    15392 463          -1  0  8  460
 46    15408 455          -1  0  8  475
 47    15414 323          -1  0  8  490
 48    15457 150          -1  0  8  505
 49    15539 489          -1  0  8  510
 50    15547 008          -1  0  8  530
 51    15562 140          -1  0  8  540
 52    15553 096          -1  0  8  540
 53    15577 088          -1  0  8  555
 54    15578 037          -1  0  8  565
 55    15614 138          -1  0  8  575
 56  7000032 246          -1  0  8  595
 57  7000041 185          -1  0  8  610
 58    14340 482          -1  3  8  380
 59    14347 469          -1  3  8  425
 60    15450 346          -1  3  8  445
 61    15476 378          -1  3  8  470
 62  7000045 456          -1  3  8  500
 63  7000038 157          -1  3  8  575
 64    15467 467          -1  5  8  360
 65    15507 384          -1  5  8  365
 66    15589 156          -1  5  8  375
 67  7000059 349          -1  5  8  385
 68    10228 368          -1  5  8  395
 69    15110 440          -1  5  8  410
 70    15138 450          -1  5  8  420
 71    15151 259          -1  5  8  425
 72    15162 387          -1  5  8  430
 73    15223 320          -1  5  8  475
 74    15228 340          -1  5  8  490
 75    15305 464          -1  5  8  490
 76    15401 461          -1  5  8  495
 77    15422 028          -1  5  8  500
 78    15405 361          -1  5  8  520
 79    15428 362          -1  5  8  530
 80    15432 392          -1  5  8  540
 81    15435 388          -1  5  8  550
 82    15521 098          -1  5  8  575
 83     2158 377          -1  6  8  415
 84     2149 831          -1  6  8  425
 85     2167 866          -1  6  8  430
 86    15535 832          -1  6  8  435
 87    15550 834          -1  6  8  440
 88    15566 830          -1  6  8  445
 89    15568 822          -1  6  8  455
 90    15588 828          -1  6  8  465
 91    15605 807          -1  6  8  475
 92    15612 371          -1  6  8  480
 93    15421 820          -1  6  8  485
 94  7000056 470          -1  6  8  510
 95    15615 324          -1  6  8  515
 96  7000018 435          -1  6  8  515
 97        1 44_MD        -1  6  8  525
 98    15598 434          -1  6  8  565
 99        1 705NEPVE     -1  6  8  635
100     2006 448          -1  7  8  365
101     2019 294          -1  7  8  375
102     2022 099          -1  7  8  390
103     2023 548          -1  7  8  405
104     2040 531          -1  7  8  420
105     2047 527          -1  7  8  425
106     2057 529          -1  7  8  475
107     2072 176          -1  7  8  515
108    15560 528          -1  7  8  665
109    15076 292          -1  2 12  425
110    14411 532          -1  2 12  530
111    10124 052          -1  2 12  535
112    15246 296          -1  2 12  555
113    15346 524          -1  2 12  565
114    15376 298          -1  2 12  655
115    15377 295          -1  2 12  680
116     2120 835          -1  6 12  400
117    15526 844          -1  6 12  415
118    15606 068          -1  6 12  470
119  7000008 053          -1  6 12  475
120    15383 160          -1  6 12  495
121  7000042 297          -1  6 12  510
122        1 706NEPVE     -1  6 12  525
123        1 707NEPVE     -1  6 12  530
124        1 215_MD       -1  6 12  560
125     2026 430          -1  7 12  445
126     2068 476          -1  7 12  490
127   700013 478          -1  7 12  775
Clients:  78 2685.5
  0 936752 002658 2340  3  420   1.0  1 
  1 937546 102625   78  2  780   1.0  1 
  2 936957 001933 2114  4  900   1.0  1 
  3 937259 104153  365  0  720   1.5  1 
  4 937345 104863 2415  0  600   2.0  1 
  5 932706 000785  282  2  900   2.0  1 
  6 937592 003390  170  4  900   2.5  1 
  7 936579 100229 2313  6  510   3.0  1 
  8 933072 104686  762  5  840   3.0  1 
  9 937672 000785 2449  2  960   3.0  1 
 10 937442 104686 2428  4  840   4.0  1 
 11 937413 102167 2426  3  870   4.0  1 
 12 937277 103723 2406  4  840   4.5  1 
 13 937276 104222 2194  6  630   5.0  1 
 14 932743 000785 1672  2  630   5.0  1 
 15 937526 104892  118  5  780   5.0  1 
 16 934769 100579 2042  2  480   5.5  1 
 17 934018 104747 1909  7  420   6.0  1 
 18 934015 104747 1908  7  465   6.0  1 
 19 937511 102750 2432  6  810   6.0  1 
 20 937381 002453 2422  0  840   6.5  1 
 21 936863 104683   88  3  480   7.0  1 
 22 935300 000785  137  2  585   7.0  1 
 23 937194 102219 1887  6  660   7.0  1 
 24 936073 023155 2236  5  840   7.5  1 
 25 935005 104451 2084  7  450   8.0  1 
 26 937340 104905  117  6  540   8.0  1 
 27 936082 104054  224  5  600   8.0  1 
 28 937512 103143 2387  6  870   8.0  1 
 29 932790 000785 1681  5  870   8.0  1 
 30 937146 070149   84  4  750   9.0  1 
 31 936108 102603 1941  2  480  12.0  1 
 32 932151 100740  369  5  480  12.0  1 
 33 937319 103685 2413  0  660  12.0  1 
 34 937332 003483  146  4  720  12.0  1 
 35 933788 039710 1863  2  900  12.0  1 
 36 937683 102750 2453  6  960  13.0  1 
 37 937279 104604 2407  3  780  13.5  1 
 38 936022 103389 2231  7  825  14.0  1 
 39 936379 104982 2288  6  840  14.0  1 
 40 936889 100878  847  4  570  14.5  2 
 41 936783 100878  122  7  810  15.0  1 
 42 935421 101685 2147  0  900  15.5  1 
 43 933814 104829 1871  4  705  16.0  1 
 44 935419 101685 2146  0  870  16.0  1 
 45 936979 102929 2363  3  690  19.0  2 
 46 937612 104503 2444  0  810  19.5  1 
 47 935034 103352  690  2  750  20.0  1 
 48 937591 000785 2443  2  870  21.0  1 
 49 931454 003390  170  4  870  22.5  1 
 50 936755 103045 1994  6  585  23.0  1 
 51 937134 103723 1080  3  480  26.0  1 
 52 934230 104313 1950  7  840  26.5  1 
 53 936559 104970   47  5  810  27.5  1 
 54 937045 003390 2213  4  480  28.0  1 
 55 935598 103389 2173  7  885  33.0  1 
 56 935085 104686   63  5  540  34.0  1 
 57 936028 003483  146  6  625  34.5  3 
 58 934512 002658 1996  7  810  35.5  1 
 59 925311 104706  278  5  420  40.0  1 
 60 925376 104706  278  5  735  40.0  1 
 61 927683 104706  278  5  540  43.0  1 
 62 937618 104831   85  6  840  45.5  1 
 63 936571 102625  153  0  510  48.0  1 
 64 934964 103976 1106  7  420  59.5  1 
 65 936279 104686 1011  5  415  61.0  2 
 66 933218 104821 1761  0  420  63.0  1 
 67 936257 100211 2266  7  810  64.0  1 
 68 937145 102838 2389  7  675  65.0  1 
 69 936088 002988 2039  0  630  70.5  1 
 70 934818 100579  147  2  720  75.0  1 
 71 936448 036960 1691  4  780  76.5  1 
 72 933272 104649  600  2  540  81.0  1 
 73 933267 104649  600  1  460 105.0  1 
 74 931542 103338   43  4  415 177.0  2 
 75 933999 104815   94  2  480 252.0  1 
 76 936397 104831   85  6  450 300.0  1 
 77 936213 102625 2258  6  475 303.0  2 
Orders:  85  
  0   0   1.0  3  
  1   1   1.0  2  
  2   2   1.0  4  
  3   3   1.5  0  
  4   4   2.0  0  
  5   5   2.0  2  
  6   6   2.5  4  
  7   7   3.0  6  
  8   8   3.0  5  
  9   9   3.0  2  
 10  10   4.0  4  
 11  11   4.0  3  
 12  12   4.5  4  
 13  13   5.0  6  
 14  14   5.0  2  
 15  15   5.0  5  
 16  16   5.5  2  
 17  17   6.0  7  
 18  18   6.0  7  
 19  19   6.0  6  
 20  20   6.5  0  
 21  21   7.0  3  
 22  22   7.0  2  
 23  23   7.0  6  
 24  24   7.5  5  
 25  25   8.0  7  
 26  26   8.0  6  
 27  27   8.0  5  
 28  28   8.0  6  
 29  29   8.0  5  
 30  30   9.0  4  
 31  31  12.0  2  
 32  32  12.0  5  
 33  33  12.0  0  
 34  34  12.0  4  
 35  35  12.0  2  
 36  36  13.0  6  
 37  37  13.5  3  
 38  38  14.0  7  
 39  39  14.0  6  
 40  40   1.0  4  
 41  40  13.5  4  
 42  41  15.0  7  
 43  42  15.5  0  
 44  43  16.0  4  
 45  44  16.0  0  
 46  45  11.0  3  
 47  45   8.0  3  
 48  46  19.5  0  
 49  47  20.0  2  
 50  48  21.0  2  
 51  49  22.5  4  
 52  50  23.0  6  
 53  51  26.0  3  
 54  52  26.5  7  
 55  53  27.5  5  
 56  54  28.0  4  
 57  55  33.0  7  
 58  56  34.0  5  
 59  57   1.0  6  
 60  57  14.5  6  
 61  57  19.0  6  
 62  58  35.5  7  
 63  59  40.0  5  
 64  60  40.0  5  
 65  61  43.0  5  
 66  62  45.5  6  
 67  63  48.0  0  
 68  64  59.5  7  
 69  65   1.0  5  
 70  65  60.0  5  
 71  66  63.0  0  
 72  67  64.0  7  
 73  68  65.0  7  
 74  69  70.5  0  
 75  70  75.0  2  
 76  71  76.5  4  
 77  72  81.0  2  
 78  73 105.0  1  
 79  74   1.0  4  
 80  74 176.0  4  
 81  75 252.0  2  
 82  76 300.0  6  
 83  77   1.0  6  
 84  77 302.0  6  
Plants:   8
 0 2492 35  75 
 1 2489  5 135 
 2 2490 10 111 
 3 2493 50  75 
 4 2491 20  87 
 5 2494 54  70 
 6 2495 57  90 
 7 2496 58  90