Drivers:       140
  0    15083 460          -1  1  8  370
  1    15112 486          -1  1  8  380
  2    15173 490|311      -1  1  8  425
  3    15277 158          -1  1  8  435
  4    15369 433          -1  1  8  445
  5    15423 366          -1  1  8  450
  6    15446 389          -1  1  8  455
  7    15488 391          -1  1  8  460
  8  7000026 369          -1  1  8  475
  9  7000029 314          -1  1  8  485
 10  7000065 200          -1  1  8  510
 11  7000066 018          -1  1  8  540
 12    15401 461          -1  1  8  540
 13    15428 362          -1  1  8  550
 14    15228 440          -1  1  8  575
 15    15515 342          -1  1  8  580
 16    15542 010          -1  1  8  625
 17    15555 436          -1  1  8  625
 18    15559 028          -1  1  8  645
 19    14417 437          -1  3  8  370
 20    15070 426          -1  3  8  385
 21    15107 367          -1  3  8  405
 22    15143 370          -1  3  8  420
 23    15176 350          -1  3  8  430
 24    15245 308          -1  3  8  440
 25    15243 449          -1  3  8  440
 26    15358 310          -1  3  8  455
 27    15161 331          -1  3  8  465
 28    15431 363          -1  3  8  475
 29    15451 383          -1  3  8  490
 30    15409 312          -1  3  8  555
 31    15460 364          -1  3  8  560
 32    15611 092          -1  3  8  570
 33    15516 385          -1  3  8  570
 34  7000007 090          -1  3  8  585
 35  7000063 190          -1  3  8  595
 36  7000052 135          -1  3  8  600
 37  7000069 189          -1  3  8  605
 38    15607 188          -1  3  8  685
 39  7000053 024          -1  3  8  695
 40    15580 029          -1  3  8  700
 41    15150 301          -1  0  8  370
 42    15217 454          -1  0  8  395
 43    15343 300          -1  0  8  395
 44    15392 463          -1  0  8  420
 45    15408 455          -1  0  8  420
 46    15414 323          -1  0  8  440
 47    15457 345          -1  0  8  445
 48    15539 489          -1  0  8  445
 49    15562 140          -1  0  8  470
 50    15577 088          -1  0  8  470
 51    15553 096          -1  0  8  470
 52    15578 037          -1  0  8  480
 53  7000041 185          -1  0  8  490
 54  7000032 246          -1  0  8  510
 55        1 703NEPVE     -1  0  8  515
 56        1 705NEPVE     -1  0  8  515
 57        1 702NEPVE     -1  0  8  520
 58        1 714NEPVE     -1  0  8  540
 59        1 704NEPVE     -1  0  8  550
 60    14340 482          -1  2  8  360
 61    14347 435          -1  2  8  370
 62    15450 346          -1  2  8  390
 63    15476 378          -1  2  8  400
 64    15479 347          -1  2  8  405
 65    15598 434          -1  2  8  415
 66    15615 324          -1  2  8  425
 67  7000011 325          -1  2  8  440
 68  7000038 157          -1  2  8  445
 69  7000045 142          -1  2  8  460
 70        1 251JFB       -1  2  8  500
 71    15398 462          -1  4  8  375
 72    15507 384          -1  4  8  400
 73    15589 156          -1  4  8  420
 74  7000059 019          -1  4  8  425
 75  7000062 035          -1  4  8  445
 76    15017 263          -1  4  8  455
 77    15162 387          -1  4  8  475
 78    15274 379          -1  4  8  485
 79    15213 249          -1  4  8  490
 80    15151 259          -1  4  8  490
 81    15223 320          -1  4  8  500
 82    15432 392          -1  4  8  520
 83    15405 381          -1  4  8  520
 84    15347 321          -1  4  8  535
 85    15435 388          -1  4  8  535
 86    15521 098          -1  4  8  540
 87    15436 382          -1  4  8  545
 88    10228 368          -1  4  8  635
 89     2158 377          -1  5  8  405
 90     2149 831          -1  5  8  425
 91     2167 866          -1  5  8  435
 92    15550 834          -1  5  8  445
 93    15566 830          -1  5  8  450
 94    15582 371          -1  5  8  460
 95    15588 828          -1  5  8  470
 96    15568 822          -1  5  8  480
 97    15605 470|807      -1  5  8  480
 98    15612 183          -1  5  8  485
 99    15421 820          -1  5  8  495
100  7000056 143          -1  5  8  505
101        1 44_MD        -1  5  8  520
102        1 711NEPVE     -1  5  8  550
103    15535 832          -1  5  8  595
104     2006 448          -1  6  8  370
105     2019 294          -1  6  8  375
106     2022 099          -1  6  8  390
107     2023 548          -1  6  8  405
108     2040 531          -1  6  8  430
109     2047 536          -1  6  8  435
110     2057 529          -1  6  8  445
111     2072 526          -1  6  8  450
112    15560 528          -1  6  8  470
113  7000054 527          -1  6  8  485
114        1 5018JDMI     -1  6  8  495
115        1 104_VAIL     -1  6  8  515
116        1 77BLAIN      -1  6  8  535
117        1 103VAIL      -1  6  8  550
118        1 250DUV       -1  6  8  575
119        1 70BLAIN      -1  6  8  590
120    15076 537          -1  1 12  400
121    14411 532          -1  1 12  500
122    10124 542          -1  1 12  520
123    15246 295          -1  1 12  535
124    15376 298          -1  1 12  555
125    15377 065          -1  1 12  575
126    15346 524          -1  1 12  590
127    15383 160          -1  3 12  745
128  7000042 049          -1  3 12  750
129     2001 867          -1  5 12  405
130     2120 836          -1  5 12  435
131    15526 844          -1  5 12  445
132    15606 835          -1  5 12  480
133  7000008 053          -1  5 12  495
134        1 708NEPVE     -1  5 12  505
135        1 706NEPVE     -1  5 12  530
136        1 707NEPVE     -1  5 12  550
137     2026 429          -1  6 12  420
138     2068 468          -1  6 12  465
139   700013 478          -1  6 12  490
Clients:  106 3288.5
  0 934044 102183  959  2  870   1.5  1 
  1 936302 COD    1916  2  600   2.0  1 
  2 936117 101247 2241  6  840   2.0  1 
  3 935138 104884  398  6  840   2.0  1 
  4 935920 002859 2219  6  840   2.0  1 
  5 936375 101727 2287  0  870   2.0  1 
  6 935496 COD    2161  6  930   2.0  1 
  7 936293 101309 2272  0  840   2.5  1 
  8 935579 104686 1702  4  420   3.0  1 
  9 936271 101066 2267  4  960   3.0  1 
 10 935376 103723  172  0  480   3.5  1 
 11 936129 104747 2243  6  515   3.5  1 
 12 935586 001234 2169  5  540   3.5  1 
 13 935619 002323 2177  0  450   4.0  1 
 14 936181 103820 2217  4  600   4.0  1 
 15 935559 102625  153  5  585   5.0  1 
 16 935224 001933 2113  2  750   5.0  1 
 17 935648 103505 2180  5  540   6.0  1 
 18 935566 102893 1461  0  810   6.0  1 
 19 936234 002453 1749  0  900   6.0  1 
 20 935895 003390 2212  4  900   6.0  1 
 21 932738 000785 1671  1  630   6.5  1 
 22 935803 000785 2198  0  570   7.0  1 
 23 935058 023155 2093  3  630   7.0  1 
 24 935744 003483 2188  1  870   7.0  1 
 25 935818 023155 2200  2  870   7.0  1 
 26 929425 104224 1053  0  540   7.5  1 
 27 934921 100373  943  6  750   7.5  1 
 28 936116 003390 1006  3  840   7.5  2 
 29 930929 104747 1328  6  420   8.0  2 
 30 930935 104747 1330  6  465   8.0  2 
 31 935673 104686  177  3  480   8.0  1 
 32 936308 103762 2274  1  570   8.0  1 
 33 936139 104905 2244  5  660   8.0  1 
 34 935750 104256  325  6  750   8.0  1 
 35 935403 103723 2141  2  750   8.0  1 
 36 934543 101843 1475  1  840   8.0  1 
 37 935282 101134 2120  6  840   8.0  1 
 38 935404 104830  681  4  840   8.5  1 
 39 932933 100060   96  4  480  10.0  1 
 40 933493 102219 1798  1  750  10.0  1 
 41 933767 104778   57  6  780  10.5  1 
 42 935837 003390 2203  5  900  10.5  1 
 43 933742 002195 1854  6  630  11.0  1 
 44 932698 000785 1358  1  900  11.0  1 
 45 935959 000785 2224  1  920  11.0  1 
 46 936140 104905 2245  5  690  12.0  1 
 47 935769 104510 2190  0  810  12.0  1 
 48 933573 103553 1816  1  660  12.5  1 
 49 934223 002518 1949  0  450  13.0  2 
 50 934843 103765 2054  0  450  13.0  2 
 51 935815 103867 2100  0  540  13.0  1 
 52 934881 103389 2061  6  690  13.5  1 
 53 934701 104909 2026  5  810  13.5  1 
 54 931222 103338 1375  4  450  14.0  1 
 55 935145 000785 2104  1  840  14.0  1 
 56 935647 104054   33  5  480  15.0  1 
 57 935179 104841 2106  0  660  15.5  1 
 58 935676 102167 1770  5  660  16.0  1 
 59 935002 104747 2083  6  840  17.0  2 
 60 932654 103762 1658  1  420  18.0  1 
 61 926689 104320  534  1  600  18.0  1 
 62 934081 104686   68  0  750  18.0  1 
 63 935481 100878  122  1  750  18.5  2 
 64 935649 102219 2181  3  510  19.5  1 
 65 936185 100333 2253  5  720  19.5  1 
 66 935469 102625  153  5  600  21.0  1 
 67 934871 000785 2059  4  660  22.0  1 
 68 929460 003390  170  5  870  22.5  1 
 69 933196 104066 1755  6  480  23.0  2 
 70 935987 103685 2227  6  660  23.0  2 
 71 936358 103762 2282  4  780  24.0  1 
 72 935078 COD    2097  6  900  26.0  1 
 73 935613 104604 2175  2  750  30.5  1 
 74 934852 101685 2057  0  780  31.0  1 
 75 933147 104892 1748  4  660  31.5  1 
 76 933636 104590    0  4  840  32.0  1 
 77 933542 104269  235  4  745  39.0  2 
 78 935351 002082 1762  5  450  39.5  2 
 79 925170 104706  278  3  450  40.5  1 
 80 927678 104706  278  3  540  41.0  1 
 81 932458 104686 1622  4  765  46.0  1 
 82 934719 104284 2031  0  870  47.0  1 
 83 934623 100229 2019  5  660  47.5  1 
 84 934838 036960 1691  3  780  48.0  1 
 85 934603 104874  991  1  450  52.5  1 
 86 928797 070149  935  4  480  53.0  1 
 87 932546 104401  438  1  750  56.0  2 
 88 934779 104820 2045  2  780  56.0  1 
 89 935411 COD    2143  5  450  60.5  1 
 90 933246 104649  600  1  510  71.0  1 
 91 934392 104345 1976  4  810  78.0  1 
 92 933381 000858 1784  5  660  79.5  1 
 93 925367 104706  278  3  690  80.0  1 
 94 932899 010875  320  0  420  81.5  2 
 95 935786 104831   85  5  600  90.5  1 
 96 933764 104686 1859  4  480  91.0  1 
 97 935454 104831   86  5  480  92.5  1 
 98 934686 104284 1966  0  630  95.0  1 
 99 934650 001386 2021  0  480  98.5  1 
100 934006 104222 1583  5  750 108.0  1 
101 933255 104649  600  6  450 113.0  1 
102 934185 104896  295  6  420 114.5  2 
103 933895 104500  501  3  625 161.0  3 
104 934665 COD    2022  2  420 186.0  1 
105 933106 104815   94  1  480 244.0  1 
Orders:  122  
  0   0   1.5  2  
  1   1   2.0  2  
  2   2   2.0  6  
  3   3   2.0  6  
  4   4   2.0  6  
  5   5   2.0  0  
  6   6   2.0  6  
  7   7   2.5  0  
  8   8   3.0  4  
  9   9   3.0  4  
 10  10   3.5  0  
 11  11   3.5  6  
 12  12   3.5  5  
 13  13   4.0  0  
 14  14   4.0  4  
 15  15   5.0  5  
 16  16   5.0  2  
 17  17   6.0  5  
 18  18   6.0  0  
 19  19   6.0  0  
 20  20   6.0  4  
 21  21   6.5  1  
 22  22   7.0  0  
 23  23   7.0  3  
 24  24   7.0  1  
 25  25   7.0  2  
 26  26   7.5  0  
 27  27   7.5  6  
 28  28   1.0  4  
 29  28   6.5  3  
 30  29   2.0  6  
 31  29   6.0  6  
 32  30   2.0  6  
 33  30   6.0  6  
 34  31   8.0  3  
 35  32   8.0  1  
 36  33   8.0  5  
 37  34   8.0  6  
 38  35   8.0  2  
 39  36   8.0  1  
 40  37   8.0  6  
 41  38   8.5  4  
 42  39  10.0  4  
 43  40  10.0  1  
 44  41  10.5  6  
 45  42  10.5  5  
 46  43  11.0  6  
 47  44  11.0  1  
 48  45  11.0  1  
 49  46  12.0  5  
 50  47  12.0  0  
 51  48  12.5  1  
 52  49   7.5  0  
 53  49   5.5  0  
 54  50   2.5  0  
 55  50  10.5  0  
 56  51  13.0  0  
 57  52  13.5  6  
 58  53  13.5  5  
 59  54  14.0  4  
 60  55  14.0  1  
 61  56  15.0  5  
 62  57  15.5  0  
 63  58  16.0  5  
 64  59   6.0  6  
 65  59  11.0  6  
 66  60  18.0  1  
 67  61  18.0  1  
 68  62  18.0  0  
 69  63   8.0  1  
 70  63  10.5  1  
 71  64  19.5  3  
 72  65  19.5  5  
 73  66  21.0  5  
 74  67  22.0  4  
 75  68  22.5  5  
 76  69   8.0  6  
 77  69  15.0  6  
 78  70   7.5  6  
 79  70  15.5  6  
 80  71  24.0  4  
 81  72  26.0  6  
 82  73  30.5  2  
 83  74  31.0  0  
 84  75  31.5  4  
 85  76  32.0  4  
 86  77   1.5  4  
 87  77  37.5  4  
 88  78  16.0  5  
 89  78  23.5  5  
 90  79  40.5  3  
 91  80  41.0  3  
 92  81  46.0  4  
 93  82  47.0  0  
 94  83  47.5  5  
 95  84  48.0  3  
 96  85  52.5  1  
 97  86  53.0  4  
 98  87  20.0  1  
 99  87  36.0  1  
100  88  56.0  2  
101  89  60.5  5  
102  90  71.0  1  
103  91  78.0  4  
104  92  79.5  5  
105  93  80.0  3  
106  94  49.5  0  
107  94  32.0  0  
108  95  90.5  5  
109  96  91.0  4  
110  97  92.5  5  
111  98  95.0  0  
112  99  98.5  0  
113 100 108.0  5  
114 101 113.0  6  
115 102   4.5  6  
116 102 110.0  6  
117 103   1.0  3  
118 103 138.0  3  
119 103  22.0  3  
120 104 186.0  2  
121 105 244.0  1  
Plants:   7
 0 2492 35  75 
 1 2490 10 111 
 2 2493 50  75 
 3 2491 20  87 
 4 2494 54  70 
 5 2495 57  90 
 6 2496 58  90