Drivers:        13
  0    15467 467          -1  0  8  370
  1  7000059 349          -1  0  8  385
  2  7000052 343          -1  0  8  405
  3    15107 367          -1  0  8  430
  4    15383 331          -1  0  8  435
  5  7000063 097          -1  0  8  440
  6    15305 464          -1  0  8  450
  7    15607 387          -1  0  8  460
  8    15488 391          -1  0  8  465
  9  7000029 486          -1  0  8  475
 10  7000026 369          -1  0  8  475
 11  7000065 390          -1  0  8  480
 12    15562 140          -1  0  8  500
Clients:  11 226.5
  0 936736 000785 2337  0  840   3.0  1 
  1 936638 100650 2326  0  660   3.5  1 
  2 937214 104727 2397  0  660   4.0  1 
  3 936730 000785 2337  0  720   4.0  1 
  4 935761 001264 2192  0  660   5.5  1 
  5 936734 000785 2337  0  780   7.0  1 
  6 937260 000785 1991  0  510   8.0  1 
  7 936663 000858 1784  0  570  17.5  1 
  8 936699 104686 2333  0  615  40.0  1 
  9 936738 000785  281  0  480  56.0  1 
 10 934803 104686  140  0  420  78.0  2 
Orders:  12  
  0   0   3.0  0  
  1   1   3.5  0  
  2   2   4.0  0  
  3   3   4.0  0  
  4   4   5.5  0  
  5   5   7.0  0  
  6   6   8.0  0  
  7   7  17.5  0  
  8   8  40.0  0  
  9   9  56.0  0  
 10  10   7.5  0  
 11  10  70.5  0  
Plants:   1
 0 2494 54  70