Drivers:       116
  0    10228 368          -1  1  8  365
  1    15017 263          -1  1  8  385
  2    15110 440          -1  1  8  400
  3    15162 464          -1  1  8  410
  4    15138 450          -1  1  8  410
  5    15151 259          -1  1  8  415
  6    15213 249          -1  1  8  425
  7    15223 320          -1  1  8  440
  8    15228 340          -1  1  8  440
  9    15274 379          -1  1  8  465
 10    15347 307          -1  1  8  485
 11    15405 381          -1  1  8  490
 12    15422 321          -1  1  8  495
 13    15435 388          -1  1  8  510
 14    15436 382          -1  1  8  520
 15    15428 196          -1  1  8  535
 16    15515 342          -1  1  8  540
 17    15521 098          -1  1  8  555
 18    15542 521          -1  1  8  570
 19    15555 436          -1  1  8  575
 20    15559 315          -1  1  8  595
 21    15580 029          -1  1  8  605
 22    15607 188          -1  1  8  610
 23    15438 361          -1  1  8  620
 24  7000053 024          -1  1  8  625
 25  7000030 023          -1  1  8  630
 26    15103 344          -1  2  8  390
 27    15083 460          -1  2  8  390
 28    15112 486          -1  2  8  395
 29    15173 311          -1  2  8  415
 30    15277 158          -1  2  8  425
 31    15369 433          -1  2  8  425
 32    15423 366          -1  2  8  430
 33    15459 390          -1  2  8  435
 34    15486 313          -1  2  8  450
 35    15488 391          -1  2  8  455
 36  7000065 314|389      -1  2  8  465
 37  7000026 369          -1  2  8  475
 38  7000029 319          -1  2  8  480
 39  7000066 018          -1  2  8  515
 40    15401 461          -1  2  8  535
 41    15432 392          -1  2  8  545
 42    14417 437          -1  4  8  405
 43    15070 426          -1  4  8  430
 44    15176 350          -1  4  8  465
 45    15143 370          -1  4  8  465
 46    15243 449          -1  4  8  485
 47    15245 308          -1  4  8  495
 48    15358 364          -1  4  8  510
 49    15409 312          -1  4  8  540
 50    15107 367          -1  4  8  560
 51    15161 097          -1  4  8  565
 52    15431 363          -1  4  8  595
 53    15460 824_MER      -1  4  8  600
 54    15611 092          -1  4  8  610
 55    15516 385          -1  4  8  615
 56    15150 301          -1  0  8  405
 57    15343 300          -1  0  8  405
 58    15392 463          -1  0  8  440
 59    15217 454          -1  0  8  440
 60    15408 455          -1  0  8  455
 61    15457 150          -1  0  8  470
 62    15539 155          -1  0  8  485
 63    15414 323          -1  0  8  500
 64    15547 149          -1  0  8  520
 65    15553 096          -1  0  8  525
 66    15578 037          -1  0  8  530
 67    15562 140          -1  0  8  550
 68    15614 138          -1  0  8  550
 69    14340 482          -1  3  8  360
 70    14347 020          -1  3  8  380
 71    15450 346          -1  3  8  390
 72    15476 378          -1  3  8  400
 73    15479 347          -1  3  8  425
 74    15598 434          -1  3  8  440
 75    15615 324          -1  3  8  455
 76  7000011 325          -1  3  8  475
 77  7000018 435          -1  3  8  480
 78    15102 349          -1  5  8  435
 79    15467 467          -1  5  8  475
 80    15507 384          -1  5  8  500
 81    15589 156          -1  5  8  510
 82  7000059 462          -1  5  8  565
 83  7000062 035          -1  5  8  595
 84     2158 377          -1  6  8  375
 85     2149 831          -1  6  8  400
 86     2167 866          -1  6  8  425
 87    15550 834          -1  6  8  435
 88    15566 470          -1  6  8  465
 89    15568 822          -1  6  8  480
 90    15535 832          -1  6  8  485
 91    15582 032          -1  6  8  495
 92    15605 807          -1  6  8  510
 93    15588 828          -1  6  8  510
 94    15612 371          -1  6  8  515
 95    15421 820          -1  6  8  535
 96  7000056 826          -1  6  8  540
 97     2019 294          -1  7  8  365
 98     2022 099          -1  7  8  375
 99     2023 548          -1  7  8  380
100     2040 531          -1  7  8  425
101     2047 536          -1  7  8  430
102     2057 529          -1  7  8  440
103     2072 526          -1  7  8  475
104    10124 295          -1  1 12  500
105    15246 296          -1  1 12  535
106    15377 065          -1  1 12  565
107    15346 524          -1  1 12  585
108    15383 160          -1  2 12  490
109  7000042 297          -1  2 12  505
110     2001 867          -1  6 12  425
111     2120 836          -1  6 12  440
112    15526 835          -1  6 12  450
113  7000008 053          -1  6 12  520
114     2026 429          -1  7 12  415
115     2068 468          -1  7 12  505
Clients:  67 1839.5
  0 930347 104752 1220  6  420   1.0  1 
  1 931395 000164  707  0  690   1.0  1 
  2 931430 002225 1404  6  780   1.0  1 
  3 931122 103964 1359  1  450   1.5  1 
  4 931116 104054  625  1  690   2.0  1 
  5 931319 003390  848  1  720   2.0  1 
  6 931378 000749 1396  3  780   2.0  1 
  7 931142 101386 1360  6  600   2.5  1 
  8 925873 100740  369  2  900   3.0  1 
  9 931026 101820 1342  6  480   4.0  1 
 10 928784 104512  554  7  600   4.0  1 
 11 931104 103964 1352  1  690   4.0  1 
 12 930793 003390 1306  1  690   4.0  1 
 13 929259 000857  815  5  720   4.0  1 
 14 931087 104130  822  0  780   4.0  1 
 15 930691 001685 1287  7  780   4.0  1 
 16 931153 104706  278  1  855   4.0  1 
 17 930875 102481 1321  6  900   4.0  1 
 18 931262 103820 1380  1  420   4.5  1 
 19 928999 104835  248  0  660   4.5  1 
 20 930326 104268 1167  5  570   5.0  1 
 21 929695 101012  412  5  540   5.5  1 
 22 927951 003390  688  1  870   5.5  1 
 23 928371 103030  866  6  660   6.0  1 
 24 930938 102219 1331  6  720   6.0  1 
 25 931244 104905  551  6  840   7.5  1 
 26 924367 070149   64  4  480   8.0  2 
 27 931102 104683   48  6  600   8.0  1 
 28 931355 104327  426  0  750   8.0  1 
 29 928792 101012  934  7  570   9.0  1 
 30 931154 104706  278  1  915   9.0  1 
 31 930010 103976 1165  7  420  10.0  1 
 32 930014 103976 1166  7  465  10.0  1 
 33 931045 070149   84  5  480  10.0  1 
 34 930626 104696  880  7  600  10.0  1 
 35 928283 102455   98  1  660  12.5  1 
 36 929680 100009 1101  5  660  12.5  2 
 37 929834 104686  594  1  630  13.0  1 
 38 929280 102456  723  2  420  14.0  1 
 39 929162 003390 1008  5  600  14.0  1 
 40 927770 104778   57  1  765  16.5  1 
 41 925595 104686   56  0  600  17.5  1 
 42 929573 103753  642  7  420  18.0  1 
 43 926915 104686   56  0  450  18.0  1 
 44 928614 104815   94  1  690  18.0  1 
 45 930068 102952 1175  7  420  19.0  1 
 46 929442 104447 1055  4  480  20.0  2 
 47 928433 104401  438  1  630  20.0  1 
 48 920247 103762   27  1  435  24.0  1 
 49 928042 103910  798  3  705  26.5  2 
 50 930114 COD    1180  3  420  27.5  2 
 51 927660 104706  278  1  570  28.0  1 
 52 928631 104871  906  1  540  30.0  1 
 53 922775 104834   87  3  540  30.0  2 
 54 925141 104706  278  1  450  39.0  1 
 55 925347 104706  278  1  720  39.0  1 
 56 925667 102625  153  6  450  46.0  1 
 57 928772 104301  929  0  685  49.0  2 
 58 930152 103976 1186  7  720  62.0  1 
 59 924621 104269   79  4  655  69.0  2 
 60 927202 100692  343  3  420  70.0  1 
 61 926739 104500   53  4  480  78.5  1 
 62 929867 010875   62  0  480 110.5  1 
 63 929048 104362  190  1  535 128.5  2 
 64 923518 104054   33  6  480 148.0  2 
 65 929306 104054  186  2  480 158.5  2 
 66 929128 104493   46  2  450 284.0  1 
Orders:  78  
  0   0   1.0  6  
  1   1   1.0  0  
  2   2   1.0  6  
  3   3   1.5  1  
  4   4   2.0  1  
  5   5   2.0  1  
  6   6   2.0  3  
  7   7   2.5  6  
  8   8   3.0  2  
  9   9   4.0  6  
 10  10   4.0  7  
 11  11   4.0  1  
 12  12   4.0  1  
 13  13   4.0  5  
 14  14   4.0  0  
 15  15   4.0  7  
 16  16   4.0  1  
 17  17   4.0  6  
 18  18   4.5  1  
 19  19   4.5  0  
 20  20   5.0  5  
 21  21   5.5  5  
 22  22   5.5  1  
 23  23   6.0  6  
 24  24   6.0  6  
 25  25   7.5  6  
 26  26   3.0  4  
 27  26   5.0  4  
 28  27   8.0  6  
 29  28   8.0  0  
 30  29   9.0  7  
 31  30   9.0  1  
 32  31  10.0  7  
 33  32  10.0  7  
 34  33  10.0  5  
 35  34  10.0  7  
 36  35  12.5  1  
 37  36   6.0  5  
 38  36   6.5  5  
 39  37  13.0  1  
 40  38  14.0  2  
 41  39  14.0  5  
 42  40  16.5  1  
 43  41  17.5  0  
 44  42  18.0  7  
 45  43  18.0  0  
 46  44  18.0  1  
 47  45  19.0  7  
 48  46  10.0  4  
 49  46  10.0  4  
 50  47  20.0  1  
 51  48  24.0  1  
 52  49  19.5  3  
 53  49   7.0  3  
 54  50  16.0  3  
 55  50  11.5  3  
 56  51  28.0  1  
 57  52  30.0  1  
 58  53   8.0  3  
 59  53  22.0  3  
 60  54  39.0  1  
 61  55  39.0  1  
 62  56  46.0  6  
 63  57   1.0  0  
 64  57  48.0  0  
 65  58  62.0  7  
 66  59   1.5  4  
 67  59  67.5  4  
 68  60  70.0  3  
 69  61  78.5  4  
 70  62 110.5  0  
 71  63   1.0  1  
 72  63 127.5  1  
 73  64   6.0  6  
 74  64 142.0  6  
 75  65  38.5  2  
 76  65 120.0  2  
 77  66 284.0  2  
Plants:   8
 0 2492 35  75 
 1 2489  5 135 
 2 2490 10 111 
 3 2493 50  75 
 4 2491 20  87 
 5 2494 54  70 
 6 2495 57  90 
 7 2496 58  90