Drivers:       137
  0    10228 368          -1  1  8  365
  1    15017 263          -1  1  8  375
  2    15151 259          -1  1  8  380
  3    15162 387          -1  1  8  420
  4    15213 249          -1  1  8  440
  5    15223 320          -1  1  8  455
  6    15228 340          -1  1  8  470
  7    15274 379          -1  1  8  475
  8    15305 464          -1  1  8  485
  9    15347 307          -1  1  8  485
 10    15405 381          -1  1  8  490
 11    15401 028          -1  1  8  500
 12    15428 196|362      -1  1  8  505
 13    15432 392          -1  1  8  545
 14    15435 388          -1  1  8  550
 15    15515 342          -1  1  8  560
 16  7000030 010          -1  1  8  595
 17    15555 440          -1  1  8  665
 18    15062 490          -1  2  8  375
 19    15083 460          -1  2  8  385
 20    15103 344          -1  2  8  395
 21    15112 486|369      -1  2  8  415
 22    15173 311          -1  2  8  430
 23    15277 158          -1  2  8  430
 24    15369 433          -1  2  8  445
 25    15446 389          -1  2  8  450
 26    15459 390          -1  2  8  460
 27    15423 366          -1  2  8  465
 28    15488 391          -1  2  8  485
 29    15486 313          -1  2  8  485
 30    15558 314          -1  2  8  635
 31  7000029 386          -1  2  8  640
 32  7000065 148          -1  2  8  650
 33  7000066 018          -1  2  8  655
 34    14417 437          -1  4  8  415
 35    15070 426          -1  4  8  430
 36    15143 370          -1  4  8  460
 37    15107 367          -1  4  8  485
 38    15161 331          -1  4  8  485
 39    15176 350          -1  4  8  490
 40    15243 449          -1  4  8  490
 41    15409 312          -1  4  8  500
 42    15431 363          -1  4  8  505
 43    15451 383          -1  4  8  515
 44    15460 308          -1  4  8  525
 45    15611 385          -1  4  8  535
 46  7000031 364          -1  4  8  540
 47  7000052 135          -1  4  8  570
 48  7000063 190          -1  4  8  665
 49  7000069 092          -1  4  8  665
 50    15150 301          -1  0  8  355
 51    15217 454          -1  0  8  395
 52    15392 463          -1  0  8  420
 53    15421 820          -1  0  8  430
 54    15414 489          -1  0  8  470
 55    15457 150          -1  0  8  470
 56    15408 455          -1  0  8  470
 57    15547 149          -1  0  8  485
 58    15553 096          -1  0  8  500
 59    15539 155          -1  0  8  505
 60    15562 345          -1  0  8  515
 61    15578 037          -1  0  8  520
 62  7000032 246          -1  0  8  535
 63    15614 138          -1  0  8  535
 64    15422 321          -1  0  8  550
 65  7000041 185          -1  0  8  560
 66    14347 469          -1  3  8  355
 67    15476 378          -1  3  8  360
 68    15479 347          -1  3  8  395
 69    15615 324          -1  3  8  440
 70  7000018 435          -1  3  8  445
 71  7000038 346|157      -1  3  8  480
 72  7000045 456          -1  3  8  510
 73    15598 020          -1  3  8  610
 74    15102 349          -1  5  8  365
 75    15398 462          -1  5  8  385
 76    15507 384          -1  5  8  400
 77  7000059 193          -1  5  8  410
 78  7000062 035          -1  5  8  430
 79    15438 361          -1  5  8  610
 80    15436 382          -1  5  8  620
 81    15521 098          -1  5  8  630
 82    15542 521          -1  5  8  635
 83    15580 029          -1  5  8  645
 84    15607 188          -1  5  8  650
 85  7000053 024          -1  5  8  670
 86     2158 377          -1  6  8  355
 87     2118 470          -1  6  8  365
 88     2149 831          -1  6  8  380
 89     2167 866          -1  6  8  380
 90    15535 832          -1  6  8  385
 91    15550 834          -1  6  8  390
 92    15566 830          -1  6  8  395
 93    15588 828          -1  6  8  405
 94    15612 371          -1  6  8  405
 95    15605 822          -1  6  8  410
 96  7000056 826          -1  6  8  430
 97        1 710NEPVE     -1  6  8  470
 98        1 705NEPVE     -1  6  8  515
 99        1 711NEPVE     -1  6  8  520
100        1 704NEPVE     -1  6  8  540
101     2006 448          -1  7  8  365
102     2019 294          -1  7  8  380
103     2022 099          -1  7  8  435
104     2023 548          -1  7  8  460
105     2040 531          -1  7  8  505
106     2047 536          -1  7  8  515
107     2072 526          -1  7  8  525
108    15560 528          -1  7  8  545
109  7000054 527          -1  7  8  555
110        1 5018JDMI     -1  7  8  575
111        1 35BLAIN      -1  7  8  620
112        1 301_VAIL     -1  7  8  625
113        1 104_VAIL     -1  7  8  630
114    14411 532          -1  1 12  390
115    10124 542          -1  1 12  415
116    15246 296          -1  1 12  430
117    15346 524          -1  1 12  440
118    15376 298          -1  1 12  450
119    15377 065          -1  1 12  515
120    15383 160          -1  1 12  605
121  7000042 297          -1  1 12  620
122    15076 537          -1  2 12  405
123     2001 867          -1  6 12  365
124     2120 836          -1  6 12  375
125  7000008 053          -1  6 12  415
126        1 215PRO       -1  6 12  460
127        1 706NEPVE     -1  6 12  470
128        1 708NEPVE     -1  6 12  490
129        1 718_NEPV     -1  6 12  490
130     2026 429|476      -1  7 12  495
131     2068 468          -1  7 12  510
132  7000013 478          -1  7 12  550
133  7000067 430          -1  7 12  565
134        1 6406_BEL     -1  7 12  580
135        1 6401_BEL     -1  7 12  600
136        1 6405BEL      -1  7 12  625
Clients:  112 3471.0
  0 928894 000432  949  2  870   1.0  1 
  1 928515 104442  686  4  840   1.5  1 
  2 928903 100060  951  1  870   1.5  1 
  3 926258 100579  449  1  420   2.0  1 
  4 928251 102740  843  3  420   2.0  1 
  5 928868 023020  945  0  900   2.0  1 
  6 928959 103867  961  4  900   2.5  1 
  7 927446 000785  692  5  900   2.5  1 
  8 928253 102740  668  4  555   3.0  1 
  9 928851 104892  118  5  660   3.0  1 
 10 926627 104686  524  0  720   3.0  1 
 11 928560 001620  547  3  750   3.0  1 
 12 927393 001234  675  0  480   3.5  1 
 13 928035 104191  796  5  900   3.5  1 
 14 928753 COD     923  7  990   3.5  1 
 15 926465 104123  494  7  435   4.0  1 
 16 924315 000785  199  1  630   4.0  1 
 17 926385 104681  481  6  690   4.0  1 
 18 928721 104706  278  1  810   4.0  1 
 19 929042 102750  980  6  870   4.0  1 
 20 929093 103650  989  6  930   4.0  1 
 21 928144 COD     826  7  420   4.5  1 
 22 927711 104686   56  0  600   5.0  1 
 23 927703 104508  736  7  810   5.0  1 
 24 928031 104686  294  4  960   5.0  1 
 25 925868 003522  368  2  420   5.5  1 
 26 927075 100905  612  0  450   5.5  1 
 27 923972 104686   56  0  645   5.5  1 
 28 927490 103970  700  7  900   5.5  1 
 29 927254 070149  273  0  420   6.0  1 
 30 925466 104779  315  4  480   6.0  1 
 31 927709 104686   56  0  570   6.0  1 
 32 928149 104512  554  7  645   6.0  1 
 33 927582 104157  719  0  690   6.0  1 
 34 928121 104622  819  3  750   6.0  1 
 35 926189 001234  437  6  480   6.5  1 
 36 928017 100740  369  5  960   6.5  1 
 37 928384 104638  869  6  450   7.0  1 
 38 928805 103820  936  6  600   7.0  1 
 39 927990 000785  474  2  870   7.0  1 
 40 928948 000785  957  4  900   7.0  1 
 41 927506 102455  703  0  510   7.5  1 
 42 927760 103861 1307  7  930   7.5  1 
 43 925688 102625  153  6  510   8.0  1 
 44 927176 103970  638  7  795   8.0  1 
 45 928848 103047  942  7  810   8.0  1 
 46 925637 002884  331  5  930   8.0  1 
 47 928445 003390  169  6  900   8.5  1 
 48 928057 102183  804  3  750  10.0  2 
 49 925422 100412  308  1  780  10.0  1 
 50 928722 104706  278  1  870  10.0  1 
 51 927917 101012  775  0  510  10.5  1 
 52 926731 102309  541  0  690  10.5  1 
 53 926670 101012  530  1  960  10.5  1 
 54 926121 000785  419  2  900  11.5  2 
 55 928752 104683   88  6  630  12.0  1 
 56 928410 104789  871  7  900  12.0  1 
 57 927119 003390  627  2  690  14.0  1 
 58 928247 104490  842  0  690  14.0  1 
 59 926732 104982  542  6  450  15.0  1 
 60 927661 104472  734  0  600  15.0  1 
 61 927459 104868  698  6  450  16.0  1 
 62 927343 102893  661  0  660  16.0  1 
 63 928190 104970   47  4  690  17.0  1 
 64 926626 104686  523  0  660  18.0  1 
 65 928333 100564  606  0  900  18.0  1 
 66 927173 104553  637  7  660  19.5  1 
 67 928764 103820  925  5  600  21.0  1 
 68 925932 000858  387  3  810  21.0  2 
 69 926710 104712  537  0  930  21.5  1 
 70 926292 104815   94  2  750  22.0  1 
 71 926512 103929  507  7  480  23.0  1 
 72 928007 104602  450  0  510  23.0  1 
 73 928045 104681  800  6  840  23.0  1 
 74 926998 002891  592  7  510  24.0  1 
 75 927422 000785  683  2  840  24.0  2 
 76 926028 100333  399  6  870  24.0  2 
 77 928967 103501  760  6  900  26.0  2 
 78 926907 002793    1  7  600  28.0  1 
 79 927356 103822  665  0  540  30.0  2 
 80 927981 104604  788  3  600  30.0  1 
 81 923105 104830   99  5  690  32.0  1 
 82 928526 104696  883  7  900  33.5  1 
 83 925339 104706  278  1  690  39.5  1 
 84 926880 100373  470  7  540  40.0  2 
 85 928115 103722  439  6  810  40.0  1 
 86 927913 104844  774  5  840  40.0  1 
 87 917243 104590    0  4  840  40.0  1 
 88 927652 104706  278  1  600  41.0  1 
 89 926353 104671  471  3  420  42.0  1 
 90 927957 101523  225  1  720  43.0  1 
 91 928847 103976  941  7  855  43.5  1 
 92 925070 104686  272  1  600  45.0  1 
 93 927727 104327  426  0  780  46.0  2 
 94 925907 103062   75  5  690  48.0  1 
 95 927082 103976  614  7  750  49.0  1 
 96 927282 103723  651  3  450  53.5  1 
 97 927394 003483  146  5  745  58.5  2 
 98 926804 104686  250  1  480  60.0  1 
 99 922678 104269   79  4  595  65.0  2 
100 926961 104524  585  7  600  67.0  2 
101 924410 102625   78  2  420  78.5  2 
102 925065 104686  271  1  780  91.0  1 
103 926717 010875   62  0  720 102.5  1 
104 920237 103762   21  2  420 104.0  1 
105 926085 104842  105  7  540 109.5  1 
106 925002 103102  262  6  390 156.0  1 
107 927093 102625   70  1  415 175.0  2 
108 922702 104484   82  4  480 190.5  2 
109 925086 103772  115  2  450 206.0  2 
110 926165 104362  190  1  475 221.0  2 
111 926945 010875  584  6  420 275.0  1 
Orders:  129  
  0   0   1.0  2  
  1   1   1.5  4  
  2   2   1.5  1  
  3   3   2.0  1  
  4   4   2.0  3  
  5   5   2.0  0  
  6   6   2.5  4  
  7   7   2.5  5  
  8   8   3.0  4  
  9   9   3.0  5  
 10  10   3.0  0  
 11  11   3.0  3  
 12  12   3.5  0  
 13  13   3.5  5  
 14  14   3.5  7  
 15  15   4.0  7  
 16  16   4.0  1  
 17  17   4.0  6  
 18  18   4.0  1  
 19  19   4.0  6  
 20  20   4.0  6  
 21  21   4.5  7  
 22  22   5.0  0  
 23  23   5.0  7  
 24  24   5.0  4  
 25  25   5.5  2  
 26  26   5.5  0  
 27  27   5.5  0  
 28  28   5.5  7  
 29  29   6.0  0  
 30  30   6.0  4  
 31  31   6.0  0  
 32  32   6.0  7  
 33  33   6.0  0  
 34  34   6.0  3  
 35  35   6.5  6  
 36  36   6.5  5  
 37  37   7.0  6  
 38  38   7.0  6  
 39  39   7.0  2  
 40  40   7.0  4  
 41  41   7.5  0  
 42  42   7.5  7  
 43  43   8.0  6  
 44  44   8.0  7  
 45  45   8.0  7  
 46  46   8.0  5  
 47  47   8.5  6  
 48  48   7.0  3  
 49  48   3.0  3  
 50  49  10.0  1  
 51  50  10.0  1  
 52  51  10.5  0  
 53  52  10.5  0  
 54  53  10.5  1  
 55  54   5.0  2  
 56  54   6.5  2  
 57  55  12.0  6  
 58  56  12.0  7  
 59  57  14.0  2  
 60  58  14.0  0  
 61  59  15.0  6  
 62  60  15.0  0  
 63  61  16.0  6  
 64  62  16.0  0  
 65  63  17.0  4  
 66  64  18.0  0  
 67  65  18.0  0  
 68  66  19.5  7  
 69  67  21.0  5  
 70  68   5.0  3  
 71  68  16.0  3  
 72  69  21.5  0  
 73  70  22.0  2  
 74  71  23.0  7  
 75  72  23.0  0  
 76  73  23.0  6  
 77  74  24.0  7  
 78  75   8.0  2  
 79  75  16.0  2  
 80  76  16.0  6  
 81  76   8.0  6  
 82  77   4.0  6  
 83  77  22.0  6  
 84  78  28.0  7  
 85  79  15.0  0  
 86  79  15.0  0  
 87  80  30.0  3  
 88  81  32.0  5  
 89  82  33.5  7  
 90  83  39.5  1  
 91  84  20.0  7  
 92  84  20.0  7  
 93  85  40.0  6  
 94  86  40.0  5  
 95  87  40.0  4  
 96  88  41.0  1  
 97  89  42.0  3  
 98  90  43.0  1  
 99  91  43.5  7  
100  92  45.0  1  
101  93  16.0  0  
102  93  30.0  0  
103  94  48.0  5  
104  95  49.0  7  
105  96  53.5  3  
106  97   1.0  5  
107  97  57.5  5  
108  98  60.0  1  
109  99   1.0  4  
110  99  64.0  4  
111 100  12.0  7  
112 100  55.0  7  
113 101  12.0  5  
114 101  66.5  2  
115 102  91.0  1  
116 103 102.5  0  
117 104 104.0  2  
118 105 109.5  7  
119 106 156.0  6  
120 107   1.0  1  
121 107 174.0  1  
122 108   5.5  4  
123 108 185.0  4  
124 109 200.0  2  
125 109   6.0  2  
126 110   1.0  1  
127 110 220.0  1  
128 111 275.0  6  
Plants:   8
 0 2492 35  75 
 1 2489  5 135 
 2 2490 10 111 
 3 2493 50  75 
 4 2491 20  87 
 5 2494 54  70 
 6 2495 57  90 
 7 2496 58  90