Drivers:       136
  0    10228 368          -1  1  8  365
  1    15110 440          -1  1  8  400
  2    15151 259          -1  1  8  415
  3    15017 263          -1  1  8  415
  4    15138 450          -1  1  8  425
  5    15223 320          -1  1  8  425
  6    15228 340          -1  1  8  455
  7    15274 379          -1  1  8  475
  8    15347 307          -1  1  8  495
  9    15405 381          -1  1  8  500
 10    15401 461          -1  1  8  500
 11    15422 321          -1  1  8  515
 12    15432 392          -1  1  8  525
 13    15428 196          -1  1  8  525
 14    15436 382          -1  1  8  540
 15    15515 342          -1  1  8  550
 16    15521 098          -1  1  8  565
 17    15542 521          -1  1  8  570
 18    15607 188          -1  1  8  575
 19  7000053 024          -1  1  8  580
 20    15435 388          -1  1  8  585
 21    15369 433          -1  1  8  615
 22    15559 315          -1  1  8  630
 23    15555 436          -1  1  8  635
 24    15423 366          -1  1  8  635
 25    15446 389          -1  1  8  655
 26    15580 029          -1  1  8  665
 27    15213 249          -1  1  8  680
 28    15083 460          -1  2  8  450
 29    15112 486          -1  2  8  455
 30    15173 311          -1  2  8  485
 31    15459 390          -1  2  8  525
 32    15486 319          -1  2  8  550
 33    15558 314          -1  2  8  585
 34  7000026 034          -1  2  8  590
 35  7000029 369          -1  2  8  615
 36  7000065 200          -1  2  8  630
 37  7000066 490          -1  2  8  635
 38        1 711NEPVE     -1  2  8  650
 39    15277 158          -1  2  8  775
 40    15488 391          -1  2  8  780
 41    14417 437          -1  4  8  550
 42    15070 426          -1  4  8  560
 43    15243 449          -1  4  8  655
 44    15245 308          -1  4  8  665
 45    15358 310          -1  4  8  695
 46    15409 312          -1  4  8  735
 47    15451 383          -1  4  8  750
 48    15460 097          -1  4  8  780
 49    15611 092          -1  4  8  790
 50    15516 385          -1  4  8  800
 51  7000069 189          -1  4  8  830
 52    15343 300          -1  0  8  395
 53    15150 301          -1  0  8  420
 54    15217 454          -1  0  8  420
 55    15392 463          -1  0  8  425
 56    15408 455          -1  0  8  455
 57    15457 150          -1  0  8  520
 58    15414 489          -1  0  8  525
 59    15539 155          -1  0  8  535
 60    15547 149          -1  0  8  560
 61    15562 140          -1  0  8  595
 62    15553 096          -1  0  8  595
 63    15578 037          -1  0  8  610
 64    15614 138          -1  0  8  625
 65  7000032 345          -1  0  8  635
 66  7000041 185          -1  0  8  655
 67    14340 482          -1  3  8  360
 68    14347 469          -1  3  8  365
 69    15450 346          -1  3  8  375
 70    15476 378          -1  3  8  385
 71    15479 347          -1  3  8  395
 72    15598 434          -1  3  8  405
 73    15615 142          -1  3  8  415
 74  7000011 325          -1  3  8  430
 75  7000038 157          -1  3  8  455
 76  7000018 435          -1  3  8  465
 77  7000045 456          -1  3  8  480
 78    15550 834          -1  3  8  490
 79    15582 032          -1  3  8  495
 80    15102 349          -1  5  8  440
 81    15398 462          -1  5  8  460
 82    15589 156          -1  5  8  490
 83    15507 384          -1  5  8  490
 84    15467 467          -1  5  8  530
 85  7000059 019          -1  5  8  535
 86    15162 387          -1  5  8  545
 87  7000062 035          -1  5  8  550
 88    15107 367          -1  5  8  615
 89    15143 370          -1  5  8  625
 90  7000030 464          -1  5  8  650
 91    15161 331          -1  5  8  660
 92    15176 350          -1  5  8  670
 93  7000052 135          -1  5  8  825
 94    15431 363          -1  5  8 1360
 95  7000063 190          -1  5  8 1415
 96     2158 377          -1  6  8  385
 97     2149 831          -1  6  8  390
 98     2167 371          -1  6  8  405
 99    15535 470          -1  6  8  425
100    15566 822          -1  6  8  435
101    15588 828          -1  6  8  445
102    15612 807          -1  6  8  460
103  7000056 826          -1  6  8  490
104    15421 820          -1  6  8  490
105     2019 294          -1  7  8  470
106     2022 099          -1  7  8  475
107     2023 548          -1  7  8  490
108     2040 531          -1  7  8  530
109     2047 536          -1  7  8  555
110     2072 526          -1  7  8  580
111     2057 529          -1  7  8  630
112    15560 528          -1  7  8  740
113    15376 298          -1  1 12  555
114    15377 065          -1  1 12  620
115    15346 524          -1  1 12  640
116    15076 537          -1  2 12  500
117        1 6406_BEL     -1  2 12  525
118        1 6401_BEL     -1  2 12  550
119    15383 160          -1  2 12  565
120  7000042 297          -1  2 12  575
121    14411 532          -1  2 12  590
122    10124 295          -1  2 12  615
123    15246 296          -1  2 12  650
124     2001 867          -1  6 12  435
125    15526 827          -1  6 12  440
126     2120 836          -1  6 12  450
127    15606 068          -1  6 12  460
128  7000008 053          -1  6 12  470
129        1 706NEPVE     -1  6 12  505
130        1 718_NEPV     -1  6 12  520
131        1 215_MD       -1  6 12  550
132        1 708NEPVE     -1  6 12  550
133     2026 476          -1  7 12  640
134     2068 430          -1  7 12  720
135  7000013 478          -1  7 12  730
Clients:  85 2673.0
  0 930000 104799 1162  7  540   1.5  1 
  1 929380 COD    1041  6  780   1.5  1 
  2 924321 000785  201  5  750   2.0  1 
  3 929348 104671  471  6  450   2.5  1 
  4 930134 101066 1183  1  570   2.5  1 
  5 929760 104712 1122  2  960   2.5  1 
  6 929929 000785 1145  2  840   3.0  1 
  7 929935 104152  365  0  840   3.0  1 
  8 929586 003293 1083  4  600   3.5  1 
  9 930304 000785 1214  1  840   3.5  1 
 10 929322 103723  479  3  900   3.5  1 
 11 929994 COD    1159  3  765   4.0  1 
 12 930283 103762 1208  2  780   4.0  1 
 13 930266 104840 1107  6  810   4.0  1 
 14 929320 104442  686  1  880   4.0  1 
 15 930016 104706  278  1  900   4.0  1 
 16 930135 103820 1184  1  900   4.0  1 
 17 928594 001234  894  6  540   4.5  1 
 18 930288 102414 1209  5  840   4.5  1 
 19 928362 023155  865  0  930   4.5  1 
 20 927940 003390  688  1  900   5.0  1 
 21 927570 104686   56  0  570   5.5  1 
 22 929789 104123 1125  7  930   5.5  1 
 23 929050 103919  982  6  960   5.5  1 
 24 927856 104686  762  1  480   6.0  1 
 25 930133 101247 1182  7  510   6.0  1 
 26 924356 000785  209  1  870   6.0  1 
 27 924257 104686  188  1  480   7.0  1 
 28 924835 104835  248  0  780   7.0  1 
 29 926063 100088  406  1  420   8.0  1 
 30 929664 COD    1098  2  450   8.0  1 
 31 929076 104256  126  7  780   8.0  1 
 32 928660 103867  911  1  840   8.0  1 
 33 928311 104841  854  7  930   8.0  1 
 34 929058 104686  983  4  930   8.0  1 
 35 928897 104686  552  0  705   9.0  1 
 36 930017 104706  278  1  930   9.0  1 
 37 929301 104697 1029  7  870   9.5  1 
 38 927599 102456  723  2  900  10.0  1 
 39 929815 100211 1126  7  780  11.0  1 
 40 928748 104746  922  1  780  11.0  1 
 41 928557 100211  886  3  780  12.0  1 
 42 929518 002087 1065  7  795  12.5  1 
 43 927656 104706  278  1  570  14.0  1 
 44 928124 104681  820  6  840  14.0  1 
 45 930095 000785 1179  1  930  14.0  1 
 46 924446 103765  215  0  900  14.5  1 
 47 930205 104500   53  4  840  15.5  2 
 48 927588 003522  720  2  630  16.0  1 
 49 927714 102893  661  0  825  16.0  1 
 50 925600 104686   56  0  450  17.0  1 
 51 929300 104683   48  3  480  18.0  2 
 52 927104 104846  622  1  450  19.0  2 
 53 929762 103919 1123  6  420  24.0  1 
 54 928925 000785  474  1  810  24.0  1 
 55 926469 104284  496  0  450  26.0  2 
 56 929364 104741  261  1  690  26.0  1 
 57 927456 103726  696  7  870  26.0  1 
 58 930084 102838 1178  0  870  28.0  1 
 59 928119 001460  818  6  750  32.0  1 
 60 925990 103772  115  7  540  32.5  1 
 61 928199 104686   63  1  630  32.5  2 
 62 928233 002988  837  0  600  37.0  1 
 63 929421 104747 1052  7  765  37.5  1 
 64 920243 103762   25  1  600  38.0  1 
 65 925137 104706  278  1  555  39.0  1 
 66 928179 104686  829  0  660  39.5  1 
 67 925343 104706  278  1  750  39.5  1 
 68 928597 036960  805  3  900  40.0  1 
 69 924608 104269   79  4  715  46.5  2 
 70 927342 102625  660  6  690  47.0  1 
 71 925407 104327  304  3  840  52.0  1 
 72 928567 002988  888  0  750  55.0  1 
 73 925738 100060   96  2  600  56.0  1 
 74 929895 103762 1139  2  720  62.0  1 
 75 926909 104764  572  6  600  67.0  3 
 76 929958 104683   88  6  745  69.0  2 
 77 925850 104686   59  5 1380  70.0  1 
 78 930062 104906 1172  6  480  78.5  1 
 79 930029 104686  940  1  420  90.0  1 
 80 927134 104894  631  1  600  99.0  1 
 81 928593 104054   33  6  480 173.5  2 
 82 926296 104815   94  2  510 192.0  2 
 83 924939 104484   82  5  480 254.0  2 
 84 926967 103489  587  3  420 330.0  1 
Orders:  97  
  0   0   1.5  7  
  1   1   1.5  6  
  2   2   2.0  5  
  3   3   2.5  6  
  4   4   2.5  1  
  5   5   2.5  2  
  6   6   3.0  2  
  7   7   3.0  0  
  8   8   3.5  4  
  9   9   3.5  1  
 10  10   3.5  3  
 11  11   4.0  3  
 12  12   4.0  2  
 13  13   4.0  6  
 14  14   4.0  1  
 15  15   4.0  1  
 16  16   4.0  1  
 17  17   4.5  6  
 18  18   4.5  5  
 19  19   4.5  0  
 20  20   5.0  1  
 21  21   5.5  0  
 22  22   5.5  7  
 23  23   5.5  6  
 24  24   6.0  1  
 25  25   6.0  7  
 26  26   6.0  1  
 27  27   7.0  1  
 28  28   7.0  0  
 29  29   8.0  1  
 30  30   8.0  2  
 31  31   8.0  7  
 32  32   8.0  1  
 33  33   8.0  7  
 34  34   8.0  4  
 35  35   9.0  0  
 36  36   9.0  1  
 37  37   9.5  7  
 38  38  10.0  2  
 39  39  11.0  7  
 40  40  11.0  1  
 41  41  12.0  3  
 42  42  12.5  7  
 43  43  14.0  1  
 44  44  14.0  6  
 45  45  14.0  1  
 46  46  14.5  0  
 47  47   2.0  4  
 48  47  13.5  4  
 49  48  16.0  2  
 50  49  16.0  0  
 51  50  17.0  0  
 52  51   2.0  6  
 53  51  16.0  3  
 54  52   7.0  1  
 55  52  12.0  1  
 56  53  24.0  6  
 57  54  24.0  1  
 58  55  15.0  0  
 59  55  11.0  0  
 60  56  26.0  1  
 61  57  26.0  7  
 62  58  28.0  0  
 63  59  32.0  6  
 64  60  32.5  7  
 65  61   3.0  1  
 66  61  29.5  1  
 67  62  37.0  0  
 68  63  37.5  7  
 69  64  38.0  1  
 70  65  39.0  1  
 71  66  39.5  0  
 72  67  39.5  1  
 73  68  40.0  3  
 74  69   1.5  4  
 75  69  45.0  4  
 76  70  47.0  6  
 77  71  52.0  3  
 78  72  55.0  0  
 79  73  56.0  2  
 80  74  62.0  2  
 81  75  44.0  6  
 82  75  16.0  6  
 83  75   7.0  6  
 84  76   1.0  6  
 85  76  68.0  6  
 86  77  70.0  5  
 87  78  78.5  6  
 88  79  90.0  1  
 89  80  99.0  1  
 90  81   6.5  6  
 91  81 167.0  6  
 92  82 176.0  2  
 93  82  16.0  2  
 94  83   4.0  5  
 95  83 250.0  5  
 96  84 330.0  3  
Plants:   8
 0 2492 35  75 
 1 2489  5 135 
 2 2490 10 111 
 3 2493 50  75 
 4 2491 20  87 
 5 2494 54  70 
 6 2495 57  90 
 7 2496 58  90