Drivers:       116
  0    15017 263          -1  1  8  390
  1    15151 259          -1  1  8  405
  2    15162 387          -1  1  8  415
  3    15274 379          -1  1  8  425
  4    15228 340          -1  1  8  430
  5    15213 450          -1  1  8  440
  6    15305 464          -1  1  8  450
  7    15401 028          -1  1  8  460
  8    15405 381          -1  1  8  465
  9    15422 321          -1  1  8  485
 10    15435 388          -1  1  8  505
 11    15223 320          -1  1  8  505
 12    15428 196          -1  1  8  510
 13    15432 392          -1  1  8  520
 14    15436 382          -1  1  8  520
 15    15438 361          -1  1  8  525
 16    15542 521          -1  1  8  535
 17    15521 098          -1  1  8  540
 18    15515 342          -1  1  8  545
 19    15555 440          -1  1  8  555
 20    15580 029          -1  1  8  565
 21    15607 188          -1  1  8  570
 22  7000030 010          -1  1  8  570
 23    15062 490          -1  2  8  460
 24    15103 344          -1  2  8  525
 25    15083 460          -1  2  8  530
 26    15173 311          -1  2  8  540
 27    15112 486          -1  2  8  540
 28    15369 433          -1  2  8  555
 29    15277 158          -1  2  8  555
 30    15423 366          -1  2  8  560
 31    15446 389          -1  2  8  570
 32    15459 390          -1  2  8  570
 33    15486 313          -1  2  8  580
 34    15488 391          -1  2  8  600
 35    15558 314          -1  2  8  610
 36  7000029 386|369      -1  2  8  615
 37  7000065 200          -1  2  8  625
 38  7000066 018          -1  2  8  630
 39    14417 437          -1  4  8  365
 40    15070 426          -1  4  8  415
 41    15107 367          -1  4  8  425
 42    15143 370          -1  4  8  440
 43    15161 331          -1  4  8  455
 44    15176 350          -1  4  8  460
 45    15243 449          -1  4  8  480
 46    15409 312          -1  4  8  530
 47    15431 363          -1  4  8  545
 48    15451 383          -1  4  8  550
 49    15460 308          -1  4  8  560
 50    15611 385          -1  4  8  580
 51  7000031 026          -1  4  8  600
 52  7000052 097          -1  4  8  605
 53  7000063 190          -1  4  8  615
 54    15150 301          -1  0  8  370
 55    15414 489          -1  0  8  410
 56    15408 455          -1  0  8  410
 57    15457 150          -1  0  8  425
 58    15539 155          -1  0  8  445
 59    15547 149          -1  0  8  490
 60    15553 096          -1  0  8  550
 61    15562 140          -1  0  8  555
 62    15578 037          -1  0  8  565
 63    15614 138          -1  0  8  580
 64    14347 469          -1  3  8  505
 65    15479 347          -1  3  8  620
 66    15598 434          -1  3  8  640
 67    15615 324          -1  3  8  735
 68  7000011 020          -1  3  8  750
 69  7000038 157          -1  3  8  755
 70  7000045 456          -1  3  8  770
 71    15102 349          -1  5  8  420
 72    15398 462          -1  5  8  445
 73    15507 384          -1  5  8  460
 74    15589 156          -1  5  8  465
 75  7000059 019          -1  5  8  500
 76  7000062 035          -1  5  8  530
 77    15467 467          -1  5  8  560
 78     2158 377          -1  6  8  370
 79     2167 371          -1  6  8  385
 80     2149 831          -1  6  8  385
 81    15550 834          -1  6  8  395
 82    15566 830|822      -1  6  8  410
 83    15588 828          -1  6  8  410
 84    15612 470          -1  6  8  425
 85    15421 820          -1  6  8  430
 86  7000056 826          -1  6  8  450
 87        1 710NEPVE     -1  6  8  470
 88        1 705NEPVE     -1  6  8  505
 89     2023 548          -1  7  8  345
 90     2047 536          -1  7  8  360
 91     2072 526          -1  7  8  365
 92    15560 528          -1  7  8  395
 93  7000054 527          -1  7  8  420
 94     2006 448          -1  7  8  475
 95     2019 294          -1  7  8  500
 96     2022 099          -1  7  8  510
 97     2040 531          -1  7  8  515
 98    14411 532          -1  1 12  410
 99    10124 295          -1  1 12  425
100    15246 296          -1  1 12  450
101    15346 524          -1  1 12  480
102    15376 298          -1  1 12  490
103    15076 537          -1  1 12  575
104    15377 065          -1  1 12  585
105     2001 867          -1  6 12  385
106     2120 836          -1  6 12  425
107  7000008 053          -1  6 12  450
108        1 706NEPVE     -1  6 12  460
109        1 708NEPVE     -1  6 12  475
110        1 718_NEPV     -1  6 12  495
111    15383 160          -1  6 12  555
112     2068 468          -1  7 12  550
113     2026 476          -1  7 12  550
114  7000067 430          -1  7 12  565
115  7000013 478          -1  7 12  570
Clients:  71 2060.0
  0 929504 104442  816  5  690   1.0  1 
  1 927797 104097  754  7  690   2.0  1 
  2 926714 001234  538  6  840   2.0  1 
  3 929228 104849 1014  1  930   2.0  1 
  4 929416 104683  743  3  570   2.5  1 
  5 928954 102183  959  3  690   2.5  1 
  6 929265 100692  343  3  660   3.0  1 
  7 929431 104450  551  6  840   3.0  1 
  8 927448 000785  694  2  840   3.0  1 
  9 929551 103867 1072  4  840   3.0  1 
 10 928036 100740  369  5  900   3.0  1 
 11 929506 104442 1064  4  840   3.5  1 
 12 928988 104686   68  0  420   4.0  1 
 13 928126 100510  821  0  630   4.0  1 
 14 929358 081916 1035  6  720   4.0  1 
 15 929317 104706  278  1  750   4.0  1 
 16 927985 101386  789  7  760   4.0  1 
 17 915969 101796   61  7  480   4.5  1 
 18 929292 COD    1025  0  480   4.5  1 
 19 915967 101796   61  7  450   5.0  1 
 20 929419 003390 1050  2  660   5.0  1 
 21 928576 104123  891  1  840   5.5  1 
 22 915965 101796   61  7  420   6.5  1 
 23 928636 104747  908  7  840   6.5  1 
 24 927987 000785  790  2  585   7.0  1 
 25 929439 104269   79  4  745   7.5  2 
 26 926493 104764  499  6  690   8.0  1 
 27 929126 000066  996  0  420   9.0  2 
 28 929319 104706  278  1  810   9.0  1 
 29 926124 000785  421  2  570   9.5  2 
 30 928148 104490  827  0  600  12.0  1 
 31 928788 104672  174  2  720  12.0  1 
 32 929531 003390 1068  4  930  12.0  1 
 33 928443 COD     879  6  420  12.5  1 
 34 924031 003390  169  4  570  12.5  1 
 35 928563 001620  547  3  810  12.5  1 
 36 929321 104706  278  1  480  13.0  1 
 37 927388 104686  674  5  480  13.0  1 
 38 929342 104158 1033  6  900  13.5  1 
 39 928542 103389  885  7  420  14.5  1 
 40 929604 104503 1085  0  690  14.5  1 
 41 929395 104812 1043  1  900  15.5  1 
 42 928944 070149   84  4  420  18.0  1 
 43 928603 104831   36  6  780  18.0  1 
 44 925135 104706  278  1  450  20.0  1 
 45 927769 104284  751  0  450  20.0  2 
 46 922704 104484   82  6  480  21.0  1 
 47 929420 003390 1051  2  600  21.0  1 
 48 922544 102690   76  7  540  24.0  1 
 49 929495 039710 1063  2  660  24.0  1 
 50 929538 103762 1069  1  840  24.0  1 
 51 923519 104054   33  6  720  25.5  1 
 52 923995 104686  165  0  690  26.0  1 
 53 927654 104706  278  1  480  28.0  1 
 54 925895 103352   49  1  660  32.0  1 
 55 925865 104500   53  4  480  34.5  1 
 56 928582 104493   46  2  720  40.0  1 
 57 928052 102625  660  6  810  44.0  1 
 58 927909 002695  773  6  420  45.0  1 
 59 923895 104778   57  1  630  45.5  3 
 60 927843 070149   84  5  720  54.0  2 
 61 928984 100878  969  4  600  56.0  2 
 62 926567 104686  250  1  480  61.0  1 
 63 928416 104834   87  3  780  74.0  2 
 64 925705 104686  340  5  420  84.0  1 
 65 925418 103973  154  7  810  90.0  1 
 66 928855 100373  943  7  540 128.0  2 
 67 926316 103338  460  2  570 145.0  2 
 68 925239 100263  292  1  420 176.0  1 
 69 925190 002195  284  1  450 176.0  1 
 70 928708 104831  129  6  420 210.0  1 
Orders:  82  
  0   0   1.0  5  
  1   1   2.0  7  
  2   2   2.0  6  
  3   3   2.0  1  
  4   4   2.5  3  
  5   5   2.5  3  
  6   6   3.0  3  
  7   7   3.0  6  
  8   8   3.0  2  
  9   9   3.0  4  
 10  10   3.0  5  
 11  11   3.5  4  
 12  12   4.0  0  
 13  13   4.0  0  
 14  14   4.0  6  
 15  15   4.0  1  
 16  16   4.0  7  
 17  17   4.5  7  
 18  18   4.5  0  
 19  19   5.0  7  
 20  20   5.0  2  
 21  21   5.5  1  
 22  22   6.5  7  
 23  23   6.5  7  
 24  24   7.0  2  
 25  25   1.0  4  
 26  25   6.5  4  
 27  26   8.0  6  
 28  27   5.0  0  
 29  27   4.0  0  
 30  28   9.0  1  
 31  29   4.5  2  
 32  29   5.0  2  
 33  30  12.0  0  
 34  31  12.0  2  
 35  32  12.0  4  
 36  33  12.5  6  
 37  34  12.5  4  
 38  35  12.5  3  
 39  36  13.0  1  
 40  37  13.0  5  
 41  38  13.5  6  
 42  39  14.5  7  
 43  40  14.5  0  
 44  41  15.5  1  
 45  42  18.0  4  
 46  43  18.0  6  
 47  44  20.0  1  
 48  45   8.0  0  
 49  45  12.0  0  
 50  46  21.0  6  
 51  47  21.0  2  
 52  48  24.0  7  
 53  49  24.0  2  
 54  50  24.0  1  
 55  51  25.5  6  
 56  52  26.0  0  
 57  53  28.0  1  
 58  54  32.0  1  
 59  55  34.5  4  
 60  56  40.0  2  
 61  57  44.0  6  
 62  58  45.0  6  
 63  59  22.0  1  
 64  59   5.5  1  
 65  59  18.0  1  
 66  60  12.0  5  
 67  60  42.0  5  
 68  61  40.0  4  
 69  61  16.0  4  
 70  62  61.0  1  
 71  63  16.0  3  
 72  63  58.0  3  
 73  64  84.0  5  
 74  65  90.0  7  
 75  66   8.0  7  
 76  66 120.0  7  
 77  67   1.0  2  
 78  67 144.0  2  
 79  68 176.0  1  
 80  69 176.0  1  
 81  70 210.0  6  
Plants:   8
 0 2492 35  75 
 1 2489  5 135 
 2 2490 10 111 
 3 2493 50  75 
 4 2491 20  87 
 5 2494 54  70 
 6 2495 57  90 
 7 2496 58  90