Drivers:       140
  0    15110 440          -1  1  8  380
  1    15151 259          -1  1  8  385
  2    15213 249          -1  1  8  410
  3    15017 263          -1  1  8  425
  4    15274 379          -1  1  8  445
  5    15223 320          -1  1  8  465
  6    15405 381          -1  1  8  465
  7    15515 342          -1  1  8  465
  8    10228 368          -1  1  8  490
  9    15607 307          -1  1  8  495
 10    15438 361          -1  1  8  495
 11    15580 361|030      -1  1  8  495
 12    15162 387          -1  1  8  505
 13    15305 464          -1  1  8  525
 14        1 301_VAIL     -1  1  8  550
 15    15559 025          -1  1  8  550
 16        1 103VAIL      -1  1  8  710
 17    15083 460          -1  2  8  405
 18    15112 486          -1  2  8  415
 19    15277 158          -1  2  8  425
 20    15423 366          -1  2  8  430
 21    15446 389          -1  2  8  435
 22  7000065 034          -1  2  8  460
 23  7000026 369          -1  2  8  460
 24  7000029 314          -1  2  8  460
 25  7000066 018          -1  2  8  465
 26    15488 391          -1  2  8  485
 27        1 0187__PI     -1  2  8  500
 28        1 7314IMP      -1  2  8  500
 29        1 7313IMP      -1  2  8  500
 30        1 7315IMP      -1  2  8  520
 31        1 704NEPVE     -1  2  8  525
 32        1 710NEPVE     -1  2  8  525
 33        1 70BLAIN      -1  2  8  535
 34    15070 426          -1  4  8  365
 35    15107 367          -1  4  8  365
 36    15143 370          -1  4  8  380
 37    15176 350          -1  4  8  395
 38    15243 449          -1  4  8  395
 39    15431 363          -1  4  8  400
 40    15451 383          -1  4  8  415
 41    15460 343          -1  4  8  435
 42    15516 385          -1  4  8  445
 43  7000063 190          -1  4  8  445
 44  7000052 135          -1  4  8  445
 45    15611 097          -1  4  8  450
 46    15409 312          -1  4  8  475
 47    14417 437          -1  4  8  475
 48    15245 308          -1  4  8  520
 49    15161 331          -1  4  8  520
 50    15358 364          -1  4  8  540
 51    15150 301          -1  0  8  380
 52    15217 454          -1  0  8  380
 53    15408 455          -1  0  8  385
 54    15539 489          -1  0  8  400
 55    15553 150          -1  0  8  400
 56    15562 140          -1  0  8  405
 57  7000041 185          -1  0  8  425
 58    15577 088          -1  0  8  425
 59    15578 037          -1  0  8  425
 60    15614 138          -1  0  8  430
 61  7000032 246          -1  0  8  435
 62    15343 300          -1  0  8  435
 63    15392 463          -1  0  8  440
 64    15414 323          -1  0  8  445
 65    14340 482          -1  3  8  370
 66    15450 346          -1  3  8  400
 67    15479 347          -1  3  8  425
 68    15598 434|142      -1  3  8  445
 69    15615 324          -1  3  8  465
 70  7000011 325          -1  3  8  485
 71  7000018 435          -1  3  8  525
 72  7000038 157          -1  3  8  535
 73  7000045 456          -1  3  8  550
 74    15476 378          -1  3  8  555
 75    14347 469          -1  3  8  565
 76    15467 467          -1  5  8  430
 77    15398 462          -1  5  8  445
 78  7000062 035          -1  5  8  455
 79    15062 490          -1  5  8  475
 80    15173 311          -1  5  8  485
 81    15369 433          -1  5  8  485
 82  7000069 189          -1  5  8  495
 83    15432 392          -1  5  8  515
 84    15436 382          -1  5  8  520
 85    15228 362          -1  5  8  540
 86    15521 450          -1  5  8  540
 87    15555 436          -1  5  8  555
 88    15401 461          -1  5  8  555
 89  7000053 024          -1  5  8  555
 90    15542 010          -1  5  8  595
 91     2158 377          -1  6  8  370
 92    15566 470          -1  6  8  385
 93     2149 831          -1  6  8  385
 94    15535 832          -1  6  8  385
 95    15568 822          -1  6  8  400
 96    15588 828          -1  6  8  430
 97    15582 032          -1  6  8  430
 98    15421 820          -1  6  8  445
 99    15605 807|866      -1  6  8  445
100  7000056 143          -1  6  8  465
101        1 44_MD        -1  6  8  485
102        1 703NEPVE     -1  6  8  500
103        1 702NEPVE     -1  6  8  505
104     2023 548          -1  7  8  370
105    15560 528          -1  7  8  395
106     2006 448          -1  7  8  395
107     2019 294          -1  7  8  405
108     2022 099          -1  7  8  410
109     2040 531          -1  7  8  425
110     2047 527          -1  7  8  435
111     2072 176          -1  7  8  450
112     2057 529          -1  7  8  490
113        1 5018JDMI     -1  7  8  510
114        1 104_VAIL     -1  7  8  540
115        1 77BLAIN      -1  7  8  620
116    14411 532          -1  1 12  365
117    10124 052          -1  1 12  395
118    15246 296          -1  1 12  435
119    15376 298          -1  1 12  465
120    15346 524          -1  1 12  525
121    15377 295          -1  1 12  600
122        1 6401_BEL     -1  2 12  490
123        1 6402_BEL     -1  2 12  525
124    15383 160          -1  2 12  525
125        1 6405BEL      -1  2 12  535
126        1 6407BEL      -1  2 12  560
127    15076 537|292      -1  2 12  560
128  7000042 026|049      -1  4 12  490
129     2001 867          -1  6 12  435
130     2120 835          -1  6 12  450
131    15526 844          -1  6 12  465
132    15606 068          -1  6 12  475
133  7000008 053          -1  6 12  485
134        1 707NEPVE     -1  6 12  500
135        1 708NEPVE     -1  6 12  505
136        1 706NEPVE     -1  6 12  520
137     2068 468          -1  7 12  385
138     2026 429          -1  7 12  420
139   700013 478          -1  7 12  480
Clients:  114 3401.5
  0 935840 003390 2203  6  510   1.0  1 
  1 936099 104841 2239  7  660   1.0  1 
  2 936946 100740 2358  3  840   1.0  1 
  3 936487 003390 2305  0  600   1.5  1 
  4 936457 104312 2303  6  720   1.5  1 
  5 933925 103867 1895  5  660   2.0  1 
  6 936255 103753  642  7  840   2.0  1 
  7 935302 000785 2122  5  690   2.5  1 
  8 936289 003155 2271  7  570   3.0  1 
  9 937094 000785 1611  1  645   3.0  1 
 10 934929 100373  943  7  780   3.0  1 
 11 935149 000785 1199  1  900   3.0  1 
 12 936809 104686  179  4  900   3.0  1 
 13 936162 104686 1622  5  960   3.0  1 
 14 936477 010875  320  0  540   4.0  1 
 15 937083 103762 2380  1  645   4.0  1 
 16 936945 103062 2357  5  720   4.0  1 
 17 933494 104764  573  6  810   4.0  1 
 18 936424 COD    2299  6  540   4.5  1 
 19 933576 103553 1818  2  600   4.5  1 
 20 936779 103762 2347  2  900   4.5  1 
 21 936179 104054   33  0  600   5.0  1 
 22 935339 001234 2130  6  660   5.0  1 
 23 936606 000469 2319  0  750   5.0  1 
 24 936834 102167 2353  6  750   5.0  1 
 25 935033 103352  690  2  780   5.0  1 
 26 937133 101727 2385  0  690   5.5  1 
 27 935328 COD    2128  6  840   5.5  1 
 28 935931 102625   70  1  420   6.0  1 
 29 934954 104686   55  1  600   6.0  1 
 30 936580 103762 1660  1  690   6.0  1 
 31 936709 104003 2336  1  690   6.0  1 
 32 936423 000469 2298  0  870   6.0  1 
 33 937089 100211 2381  7  690   6.5  1 
 34 932432 104474 1619  7  420   7.0  1 
 35 935779 070149   84  4  420   7.0  1 
 36 932704 000785 1358  1  900   7.0  1 
 37 936307 104741  261  2  900   7.0  1 
 38 937120 003390 2384  3  600   7.5  1 
 39 937006 104503 2368  0  450   8.0  1 
 40 936519 104905 2308  6  450   8.0  1 
 41 936112 010875  320  0  450   8.0  1 
 42 935894 100060   96  5  900   8.0  1 
 43 935407 104830  681  2  840   9.0  2 
 44 936161 000785 1133  1  870   9.0  1 
 45 934486 100009 1101  5  810   9.5  2 
 46 935587 002453 2170  0  540  10.0  1 
 47 936524 COD    1037  0  570  10.0  1 
 48 936301 001234 2273  6  600  10.0  1 
 49 936064 101685 2234  0  780  10.0  1 
 50 935483 100878  122  1  810  10.5  1 
 51 936152 100878  847  5  840  10.5  1 
 52 932787 000785 1148  2  870  10.5  1 
 53 936761 102456 2341  6  810  11.0  1 
 54 934195 001460 1551  5  690  11.5  1 
 55 934149 002658 1930  3  840  11.5  1 
 56 936198 102929 2255  6  420  12.0  2 
 57 934748 000858 1784  3  795  12.0  1 
 58 936288 104638 2270  0  870  12.0  1 
 59 936984 104503 2364  0  450  12.5  2 
 60 931966 015721 1510  0  420  13.0  1 
 61 937044 103260 2376  0  570  13.0  1 
 62 936513 002917 1256  7  780  14.0  1 
 63 936371 104268 2286  3  780  14.0  1 
 64 935307 000785 2122  5  825  14.0  1 
 65 934987 102309 2079  0  450  14.5  2 
 66 934111 104118  517  7  450  15.0  2 
 67 934625 100229 2019  6  840  16.0  1 
 68 933795 103359 1867  7  480  17.0  2 
 69 936441 002988 2302  0  420  17.5  1 
 70 932663 104686 1662  1  480  17.5  1 
 71 936966 000857 2362  5  960  18.0  1 
 72 935484 001460 2158  6  420  19.0  1 
 73 935543 002695 1155  4  420  19.0  1 
 74 935115 104970   47  4  810  19.5  1 
 75 933153 104892  118  5  750  20.5  2 
 76 936199 102929 1801  3  570  21.5  2 
 77 929457 003390  170  4  870  22.5  1 
 78 936148 104804 2248  0  660  23.5  1 
 79 934245 102526 1952  1  510  24.0  1 
 80 936189 103861 2254  7  420  25.0  1 
 81 936603 104490 2318  0  900  25.0  1 
 82 925374 104706  278  1  660  26.0  1 
 83 927681 104706  278  5  540  28.0  1 
 84 936986 104503 2365  0  750  29.0  1 
 85 935758 104510 2190  0  420  29.5  1 
 86 936409 104831   86  6  540  30.0  1 
 87 936573 102456 1540  3  540  30.0  2 
 88 935550 036960  805  3  420  30.5  2 
 89 932690 101951  128  6  415  37.0  2 
 90 925173 104706  278  1  450  40.0  1 
 91 936170 104683   88  6  630  40.0  1 
 92 936278 104686 1622  4  810  45.0  1 
 93 933565 070149  273  0  600  47.0  1 
 94 933770 104778   57  1  750  47.5  1 
 95 934842 104844 1590  2  480  48.0  1 
 96 935159 104842  105  7  600  63.5  1 
 97 936901 104831   85  0  810  63.5  1 
 98 935734 104686 2186  4  480  65.5  1 
 99 933763 104672 1858  2  450  67.0  1 
100 935470 102625  153  6  510  71.5  1 
101 933536 000241  766  2  750  75.0  1 
102 933263 104649  600  7  460  81.0  1 
103 932882 100692  343  3  480  82.0  1 
104 933898 104500  501  4  595  83.0  3 
105 933258 104649  600  2  450  89.0  1 
106 934259 104401  438  2  660  96.0  1 
107 935534 104686  643  5  450 101.0  1 
108 935562 104649  600  7  450 103.0  1 
109 932395 104686   59  4  480 122.0  1 
110 934880 003483  146  5  445 134.0  4 
111 933997 104815   94  1  420 220.0  1 
112 931180 104054  224  2  480 246.0  1 
113 934480 104834   87  6  480 346.5  2 
Orders:  132  
  0   0   1.0  6  
  1   1   1.0  7  
  2   2   1.0  3  
  3   3   1.5  0  
  4   4   1.5  6  
  5   5   2.0  5  
  6   6   2.0  7  
  7   7   2.5  5  
  8   8   3.0  7  
  9   9   3.0  1  
 10  10   3.0  7  
 11  11   3.0  1  
 12  12   3.0  4  
 13  13   3.0  5  
 14  14   4.0  0  
 15  15   4.0  1  
 16  16   4.0  5  
 17  17   4.0  6  
 18  18   4.5  6  
 19  19   4.5  2  
 20  20   4.5  2  
 21  21   5.0  0  
 22  22   5.0  6  
 23  23   5.0  0  
 24  24   5.0  6  
 25  25   5.0  2  
 26  26   5.5  0  
 27  27   5.5  6  
 28  28   6.0  1  
 29  29   6.0  1  
 30  30   6.0  1  
 31  31   6.0  1  
 32  32   6.0  0  
 33  33   6.5  7  
 34  34   7.0  7  
 35  35   7.0  4  
 36  36   7.0  1  
 37  37   7.0  2  
 38  38   7.5  3  
 39  39   8.0  0  
 40  40   8.0  6  
 41  41   8.0  0  
 42  42   8.0  5  
 43  43   5.5  2  
 44  43   3.5  2  
 45  44   9.0  1  
 46  45   4.5  5  
 47  45   5.0  5  
 48  46  10.0  0  
 49  47  10.0  0  
 50  48  10.0  6  
 51  49  10.0  0  
 52  50  10.5  1  
 53  51  10.5  5  
 54  52  10.5  2  
 55  53  11.0  6  
 56  54  11.5  5  
 57  55  11.5  3  
 58  56   5.0  6  
 59  56   7.0  6  
 60  57  12.0  3  
 61  58  12.0  0  
 62  59   6.0  0  
 63  59   6.5  0  
 64  60  13.0  0  
 65  61  13.0  0  
 66  62  14.0  7  
 67  63  14.0  3  
 68  64  14.0  5  
 69  65   2.5  0  
 70  65  12.0  0  
 71  66   5.0  7  
 72  66  10.0  7  
 73  67  16.0  6  
 74  68   3.0  7  
 75  68  14.0  7  
 76  69  17.5  0  
 77  70  17.5  1  
 78  71  18.0  5  
 79  72  19.0  6  
 80  73  19.0  4  
 81  74  19.5  4  
 82  75   7.5  5  
 83  75  13.0  5  
 84  76  10.5  6  
 85  76  11.0  3  
 86  77  22.5  4  
 87  78  23.5  0  
 88  79  24.0  1  
 89  80  25.0  7  
 90  81  25.0  0  
 91  82  26.0  1  
 92  83  28.0  5  
 93  84  29.0  0  
 94  85  29.5  0  
 95  86  30.0  6  
 96  87  28.0  3  
 97  87   2.0  3  
 98  88  15.0  3  
 99  88  15.5  3  
100  89   1.0  6  
101  89  36.0  6  
102  90  40.0  1  
103  91  40.0  6  
104  92  45.0  4  
105  93  47.0  0  
106  94  47.5  1  
107  95  48.0  2  
108  96  63.5  7  
109  97  63.5  0  
110  98  65.5  4  
111  99  67.0  2  
112 100  71.5  6  
113 101  75.0  2  
114 102  81.0  7  
115 103  82.0  3  
116 104   1.0  4  
117 104   3.5  4  
118 104  78.5  4  
119 105  89.0  2  
120 106  96.0  2  
121 107 101.0  5  
122 108 103.0  7  
123 109 122.0  4  
124 110   1.0  4  
125 110  10.0  4  
126 110  35.0  5  
127 110  88.0  5  
128 111 220.0  1  
129 112 246.0  2  
130 113 254.5  6  
131 113  92.0  6  
Plants:   8
 0 2492 35  75 
 1 2489  5 135 
 2 2490 10 111 
 3 2493 50  75 
 4 2491 20  87 
 5 2494 54  70 
 6 2495 57  90 
 7 2496 58  90